12
10,8,0,5,3
2,4,1,1,3
---
30
3,6,8,2,10,1,7,12,9,4
2,3,5,7,3,1,2,6,3,2
---
50
9,14,3,5,7,2,25,6,8,4,20,15,18
3,5,7,3,2,9,5,3,5,6,8,7,5
---
35
3,15,17,13,5,8,9,4,1,20,16,6,19
7,3,9,5,2,6,9,8,4,3,5,3,7
---
10
0,5,7,8,9
1,2,1,1,1
---
42
20,24,21,14,15,17,2,4,8,12,9,5,19,1,3
3,6,4,8,1,3,6,9,5,3,3,5,7,8,2
---
28
5,9,14,10,4,7,8,2,15,17,12,3
5,3,7,5,6,1,9,7,3,5,6,4
---
20
4,3,7,5,9,1,8
2,3,1,4,3,5,3
---
50
24,13,15,17,1,23,22,4,8,7,2,21,16,25,6,9,11,10,26,3
3,5,2,6,8,4,2,5,6,3,4,6,7,2,4,6,2,4,5,8
---
45
4,8,5,9,10,13,15,18,2,7,11
4,2,6,7,3,4,2,5,3,4,3
---
55
15,4,8,6,2,20,9,7,1
5,8,4,6,8,3,5,6,4
---
30
6,4,9,2,7,1,13,10
3,4,2,4,1,3,4,2
---
60
3,25,17,14,5,8,4,12,18,22,20
7,4,5,2,5,3,6,2,4,3,5
---