11110
11010
11000
00000
---
0010100011011110000111000101100001001001
1101010011111100110101100000101110101100
1010001111110011001011011000001000011011
0010000011101010010011111010010001010000
0011110110011100111110100101111001111101
0101000010010111111011001001100101100100
1101111001100011100110110001100001110011
0101101001000100001111100101100110111010
1000011110010011100110010101111010101110
1010100110110101101000110101110001111011
0000001000000001010110111000010010000101
1110111011011100100000001000000000111011
1000000000100101011010111100000010101000
1100111110101001110110011011001100000100
1100000011101010111010100110101110110111
0000110000011001100011000010100110000110
0000000111001110001011111111110111110101
1010111010110011011111100110001011000000
1100100000110010100001001101111001001011
1101001111100010110100000000010010100001
1010100011010011010010111010110101011100
1001000001010010010110101001010000001011
---
01000001000100000000111000000011011
11000101000010110100010010000111100
10011101010001100000000010100011000
00110000110010100000111010000000000
11101100000000000011100000001001101
01100000000000010001010100001100100
01000100011000110001000000010110000
01101010000010000000110000010111101
00001110000001100001011100100000010
10100001011110100001000100000111000
11000000100111000000001000111001100
01001100011001101011100000101000000
00000010100110001010110010000000000
11100100000000001100010000010100110
00110010100010100001000101011100000
00001000110101000000100100100100010
01010000000100001100101100100001001
00000001001100001000010011000100000
---
10000100010011110111000100000000100001001000011000
10010110010010100010000100000010000101000001000000
01000100001000001001110000001111010001000110011011
00010011001000000000100000101000000000010010001010
11100001110111000101001001001110011010011100110101
01111010000100110101000001101100111000000010011001
11000011001001101000010101111011001001010111110111
01110001001010101001111101110100011011101010001100
00101111010110001011111011001000101001000011101000
00010100101111101101000110101011101001000011010111
01011011010011100010001010001000000010011010000100
01000010000100000011000010011110000000000000000000
01001100000001000000101000000100000010100101001011
10101000100011101000100000000100100101100010001001
00000001000011111000110110000001011000100000110000
---
101110110100110011110101000001000001000011111
011011101110001111110101001010110011110100011
010001010101001110110000111111100110010110000
000100110001111100100000100110110111100111100
001000010000010010111101100101001101011010011
100001000000001110110011001011101000001110000
111101010010000000001111001110110001111111100
110110111010001010100110000101010111000100011
101110110001110100011111101010111101010110011
101110001010010101001110000101011101111010011
001101010011011100111010000000110001001100111
011111001000111000100111101101001011101001110
111001111111001100001010011010101011111100111
---
1111001111101101011101100101001101011
0010111111010110010001110011001101110
1011001101110100011110101011101110000
1110101000100100100000001110001001000
0100010010110001101011010011110001000
1001011000001111110010000111010000011
0111100101110101010001100011001111110
0010010111010000010000100010010000010
1000101000001001100010010010010010000
1001101110100101100010010100101101010
0101100001011001110110110111101101011
1001100001010111111110100100010101010
1001010110000001110111111101110010011
0000011001000010000001100100111111011
---
0111010000000111001000010010001011001100001000000111110
0010111100000001000111000111001100000000000010000000111
0000100000100010110111100010110000100001100100110110000
1100000100001011001000110101100011010100100000100000110
1011100011111110101111110101111101011111111011011101010
0101111110111010101011011111111001111111111100110111010
1111000111111101101001111111000110111111001000111001100
0000101100001100010000010000100010000000000010010000000
0010001100001000000000001010100100010000110000010001000
1110111010100011001101100111011111110111110111011101011
1010101000101001010001000001000010101000100101010000001
1000011011010000011010000111010000000011100000011000010
1101010011001001010101001101010011100000111010100000000
1101000000000110000100100111101000111011100001001100001
0001100010111010011000000001010001011001110110000101001
0110110011000101010000000110110111101101000101001001011
---
01101000011000000101100100011000001000110010101
00001000001011000000101010000000110011001101001
11100011111101100110001110100010010000011110000
00010110101100010000100000110011100000101011010
11110110000010111110110110100010100001010011100
11000010001000111000101010000100010100000100110
00000000000100101110010011001001000100001000001
11101111001110101111000010011010101101000110000
00000011011110010101011000101100001001110111001
00111110010010100100011101111000101110111001010
10011001000110001101101000110111011110010110111
11110111101000011010110001101101100111010001000
01011100111011100100010011111011000001100110010
10111110001101111110101100010000010101101000000
01001100010110101001100101100001011100111000000
00100100101000101100001101101000010001111001000
00100011010001100100000010011111110100000000101
11001100100101101001111011000000010111100101111
00111001001101011011010011111001001001010001000
00111111100001100110110110001010000111110111100
01000111001011011001011011111110110001011011000
11111000110011001011101011001100010110000100100
---