5 2 4
10 4 8
8 6 5 
20 7 15
100 83 57
104 88 24
87 73 37
49 18 33
78 22 57
56 28 32
38 27 15
99 80 35
1024 878 256
89000 68974 39849
98724 40394 59029
92 44 52
289 29 187
8395 2319 6924
89034 68734 28234
98624 49823 59873
78 22 57
56 28 32
38 27 15
99 80 35
1024 878 256
89000 68974 39849
98724 40394 59029
92 44 52
289 29 187
8395 2319 6924
89034 68734 28234
98624 49823 59873
78 22 57
56 28 32
38 27 15
99 80 35
1024 878 256
89000 68974 39849
98724 40394 59029
92 44 52
289 29 187
8395 2319 6924
890342 687344 28234
986124 498234 59873
783 22 57
56 28 32
382 272 15
99 80 35
1024 878 256
89000 68974 39849
98724 40394 59029
92 44 52
289 29 187
8395 2319 6924
89034 628734 28234
986224 249823 598743
781 22 57
546 28 332
3658 2437 1225
969 780 235
1024 878 256
89000 689742 39849
98724 40394 59029
92 44 352
289 529 4187
83955 2319 6924
389034 6238734 28234
986242 49823 59873
782 223 57
536 258 32
438 27 15
929 480 355
10234 82378 26556
89000 658974 39849
98724 40394 59029
932 344 522
2289 29 187
83395 2319 6924
893034 685734 28234
983624 492823 59873
783 232 557
586 258 342
838 267 195
99 780 35
10424 8478 3256
895000 68974 39849
938724 440394 59029
932 344 552
28593 296 1874
833954 22319 69244
890334 638734 238234
986324 498523 569873
