75484988783,11
19438369479,13
86099550259,7
53405396170,18
10947478252,16
61659094334,17
40689943626,4
82638234824,17
46735975041,1
33334457789,8
83161864373,8
41890356189,5
55554018231,19
61134829435,20
38473642724,11
73292516674,8
2642385621,17
51407771685,18
50818619753,2
55124706058,20
77652210803,12
40419575166,3
73196361254,13
18041668375,19
25158965494,16
49803200939,13
67646097697,15
97388640145,19
33721480454,6
76923503900,9
18455218855,11
27530311925,10
1492552972,15
88843384582,9
5278117221,16
85177430038,6
15258373580,2
43847710221,1
39385829489,12
74092003599,14
30532761865,16
76613224758,11
34611159209,2
9847095658,6
16835971431,15
94219074526,3
62882737554,3
8936209947,2
5931331440,8
99133031974,9
45285811916,1
65324591767,12
60882251149,13
62709135545,18
50833146071,2
55512364116,6
51486858445,8
69461219216,15
75790406104,19
7915167699,13
8801528613,9
53174284360,15
70778725856,15
16702615854,18
22793826133,8
24897036659,15
95694903550,14
6783693375,10
46314239443,17
89876194875,8
41601032479,1
73638294309,12
28639509331,18
724109518,7
8618289296,15
23323937547,15
69293676044,16
73963709393,11
52111530557,3
7789983912,19
81585530838,3
14946903395,18
72287207571,11
24304356557,9
62490608292,10
22319420528,17
81211762901,20
39659120473,16
69924385926,14
84752997108,12
94247471105,8
75820100940,7
97392853534,16
11399231809,16
36768018787,4
73083822464,10
929365034,9
40498208370,18
10295386380,2
71194408177,15
10619948886,5
65765864625,9
63103230873,11
64586078423,20
78540482140,16
52131592016,20
74039547188,6
68823651999,8
15636556822,13
88018807902,6
19292468546,18
74761193209,11
88652021652,5
10490000093,20
28358865782,9
60543561145,20
75281694483,7
30435071007,10
50565780011,2
69791978940,13
58883541783,13
37225382616,14
24587697360,11
15065050543,17
10646113919,9
27068128022,17
63985740725,2
96542528425,18
76002498850,8
39989617409,7
92254475341,18
48359248744,3
78810311706,10
62465252392,7
31686873987,1
23505619096,4
36991640884,7
98106846094,8
95200977283,8
48914578440,8
14869189907,6
4116769424,19
90939003619,11
98757601248,7
61844886228,8
38864752373,6
17111635912,19
20195135080,4
20659785563,4
39958222376,17
70197647143,5
29917956465,4
46688024026,7
21572812203,14
77302876321,3
2738551584,2
63158793181,19
56377220675,18
56664675276,17
48745883458,17
15924412570,3
56415028997,12
99651775256,6
62533940419,7
98823274982,2
26181018934,12
18481367210,9
5273306133,4
28646132620,6
78788484357,1
60492050512,19
88702920883,17
64659887893,11
85115054541,14
4849003159,10
55798965195,6
76143250967,13
41781091119,12
4217206194,20
7044324458,18
29908494398,9
10094314413,2
5375414150,6
74775242335,6
68047986423,12
63861523341,10
48220162890,2
62458245190,16
19727556625,3
9110865127,9
73466460595,8
99687197660,14
93894293891,8
664166761,17
59597846313,1
8339197677,15
97859794890,19
76646141085,18
20329261391,8
8339916307,8
92884171793,14
71082335085,4
90284217713,6
83728436863,16
98186982745,1
63192761083,12
32499912211,17
25314606857,4
93842352385,20
84255817447,10
80214469207,8
79012044883,6
27277226900,12
11865341695,12
49075305794,5
43696987145,9
330788625,11
33883015996,4
99236354119,9
63570793204,5
62970636764,18
80269038001,9
39095554177,12
85672197949,3
29017919694,18
1781644936,6
31307774578,16
58651330636,11
14074026668,17
76121512493,15
16612555943,1
80962086307,8
59543104124,4
29019889876,12
81079127160,14
81245236944,17
73101008152,2
99563966273,12
99433074788,4
73370020130,6
38606170660,17
31044033708,3
47701337325,20
70816443953,13
62298213614,15
28152978677,19
71256357001,19
91075045260,16
57316155639,14
87772261977,8
4731560737,4
55143255517,4
28915792107,12
95339673125,8
1221429211,2
13286592929,8
66943957847,4
18118281077,12
75942791486,4
63967433174,17
66043381224,6
19763051653,9
38885551015,11
86989379087,17
8249378741,18
1538852430,14
5193101515,19
82600585975,8
75750110413,8
12012040211,10
39468056381,6
7969183654,4
28877289717,5
22129100791,9
87620518458,9
83908661466,8
82915716418,17
26447786019,4
90542404701,8
79047942790,18
47312304306,7
21395695829,7
51552400753,10
84255343814,13
55589341881,16
60134336989,15
99009745960,16
23433786230,8
78476711183,8
77302852320,9
92936010882,18
3637088847,17
48036494724,18
23283769943,1
6813319503,10
59201764771,17
51086138857,10
77001279135,14
68480694789,13
78423187969,18
99746016154,11
27802275584,2
28891857358,16
94378660029,14
73554581984,9
25978093946,15
96591046545,13
71621037483,3
59356859238,17
61272666076,4
7041828291,10
57253014920,4
62668387884,6
35909934186,4
61902629696,8
91947353898,6
96907343679,20
82893705224,7
46850585169,2
72710675754,6
496074562,17
56338113703,15
71142073724,17
20824614304,3
93126185468,19
1693083704,14
89080967071,18
40622385966,19
19901727707,10
40246597699,4
14532489938,17
62645119880,13
84986937856,12
37541825643,9
81857227143,2
97541710838,11
77346144577,1
5309256012,11
80783167476,2
35233033245,1
66219220334,11
57468524225,11
98835261358,18
6362359805,9
59944261217,2
98441642854,8
26053733945,19
59174051790,20
41790719713,20
56147108144,19
56166580097,13
34808417245,17
88494335331,1
45905336562,8
55459359718,20
58361556387,16
44693010117,20
44862160335,17
72578020857,2
39539468529,8
28719419895,15
55902585281,4
24456914708,5
74029390598,20
99447598369,16
87384178907,6
5843403319,9
16785804434,4
36402601648,3
51437929746,17
53417853409,12
63407293498,8
59673725334,11
30365419949,8
59401252940,9
11434200111,2
12975190098,17
50380846394,10
22224515419,6
4862133540,11
20613056702,19
75860034245,1
65852619674,8
48239704012,4
53206336637,1
84981573576,6
38640775200,3
61252724103,18
84298074227,9
18029398017,20
94881265202,19
27932726537,16
91943553047,8
20443743452,14
87762918190,10
86159132838,7
10557627968,16
25200421839,18
92661229049,9
77055341349,20
73094938286,2
62308873421,6
90413886098,7
8813423335,12
1834411376,9
71249171146,8
56808849104,19
23634133192,19
74719754422,2
32419688967,19
43247303615,3
64521318252,20
32329835444,10
22541752692,3
13543875855,13
47323313900,5
15528831434,18
92829183222,12
21812287659,13
27031099192,1
22069571014,9
75219488071,9
59304221448,10
33345803316,14
85596397838,6
43728052500,9
44029433753,15
90477860457,12
36381954431,14
33926632070,17
55868870210,12
70543728436,2
45246506880,14
60408864041,11
28063118016,14
1533325982,3
3767095281,9
24055144195,15
74548960515,11
44410511037,4
7920546495,15
67698450309,6
13809765670,9
42468225638,13
16616123226,15
40252935378,13
58397805708,2
56924213126,11
78434689537,13
64819308969,16
24589368184,6
59573346542,16
1037036064,18
70687059721,3
82641040169,13
72875865981,20
68031270480,6
52712443491,17
23740109486,2
76730961183,15
38372310449,6
41956988875,9
76995168500,6
63182728556,12
63393084457,14
18308021950,1
41352526088,5
87897062756,11
89270216326,6
39944103084,7
76026365643,6
50595898217,7
28818167460,19
7798723922,9
53999366193,7
51065757746,16
51386770026,4
16582015036,4
74045864640,12
62979009690,15
28698476872,18
16923858385,9
24785918946,17
13331884811,3
78075985779,9
89897884675,1
61736324617,16
27640485610,19
17875727185,11
48380119842,1
92203141976,3
83725588927,9
10704332581,19
42663081289,3
61769477563,13
37604474075,12
37043249570,1
31398002336,18
59491506834,4
16490249166,1
47046693401,18
23232120266,1
89996344122,19
88468562386,4
47776080074,18
50690684696,4
71964595124,12
7562987849,8
47357782443,3
27433726830,11
6877788899,5
64045636023,5
30263162702,10
60219411493,14
31190050726,4
40470686473,4
96167852998,15
26025559969,11
60774555583,14
77657122167,6
28631792824,3
32231642478,1
5902960500,13
40481836886,6
2635209954,4
9657391902,17
19100027971,10
44828116769,15
75038370635,9
53654423519,14
54373081671,15
44238456206,5
7278160172,20
56876719848,7
91883337038,6
46651270472,3
52228886306,4
54733966682,11
44533023019,7
78149401016,20
35229648342,20
27401452447,12
42199172287,16
86923954018,3
6559252827,17
7502758316,13
53665914513,11
37063657255,2
56549225878,3
98687098443,8
20301265633,19
56581271124,10
26099356903,8
35873588144,12
68363763975,5
93428695038,8
32501727839,20
47091804551,19
98413212684,8
8260295841,20
18120318908,15
89566416351,11
92123296022,5
42531922020,17
71922950240,18
48274573381,17
50350935563,17
88344297602,14
27336572274,8
43523399128,2
83287341547,2
18858592935,1
24152550186,1
80056397131,15
74904678660,16
12619220167,14
79136888566,20
33783438515,10
95946662608,19
453253008,20
98229366608,10
83165900848,2
35602674798,19
28322044187,7
46670745780,2
31432726398,17
98204541112,16
23362129343,12
83774826347,14
6215383564,1
27223128846,1
46750643063,13
88290597629,5
60557237889,11
1632433297,7
75930785386,16
96587958171,10
27971993251,5
8127924278,20
6070929665,7
22231879807,18
15922789702,12
59576619252,10
6636906500,4
1782435338,10
59211133681,18
72005006909,2
67561081436,8
25061617196,9
84331291987,8
48936150556,18
95922896272,6
8812548334,2
8127854777,10
80252345303,19
41757981705,2
99454097810,19
63167056027,9
75234254577,17
30729554978,1
41618130887,16
46732570715,16
89104808226,3
10223999310,19
52582956948,16
99061752385,1
55905991188,19
407216859,1
62170709024,4
2476822700,16
9200959909,15
89711407155,13
79930556031,19
77528273093,6
27922628703,3
64816074436,11
45284638883,4
94612072731,8
20060621483,10
42331977129,14
61122714975,11
63091838784,19
96807982665,15
18175461176,15
29768857016,9
73065808167,20
73969918276,11
59595004109,20
44185126514,2
64158217570,10
62672121588,15
80465262164,1
92496784339,12
33611810344,7
18255313393,15
27004379289,8
66544272741,7
52057875278,18
81043977661,3
66632299967,11
94898449358,1
84699440840,12
48591307042,18
68849518295,16
7033448419,14
70898024756,3
45403601513,6
61981601430,2
77169178126,10
65392459185,13
58123834438,3
92051650874,2
90434108870,15
41016531793,6
62115126598,14
47971006911,14
74429079231,17
4207338029,8
37771621897,8
48476112469,2
16892908311,3
86284922755,9
83180896832,5
21018350465,4
33880499507,9
7939951279,19
38456412262,5
29657328200,10
48369560088,5
7389772456,14
65463674956,16
68395475531,6
60035353698,1
31018934276,4
60598660351,8
80312190206,11
52398046640,8
71688146153,16
40671202967,16
95686783650,2
5776768621,13
81711195410,19
16135858982,3
61772732325,19
51350896279,4
29203411564,5
17560807120,15
47851422743,13
31366437952,2
34442596959,11
98761148221,16
5739920861,20
48727722325,16
29450088772,6
84053104152,16
2418407508,3
82858858823,19
47382913336,8
43802422553,15
51769208641,2
10997587578,16
30433267105,2
56690167003,12
32660042028,6
8549761676,6
66349854116,17
29528924554,11
52076438420,17
14187017266,8
43090362650,11
51586851414,10
75337329939,3
59952772609,17
31840545106,8
71572352229,20
93428158832,9
96957596248,5
10933614928,9
57972535780,13
38343655201,9
12743532739,14
72404176079,7
98557707039,13
11012131207,15
61646570849,5
45206864692,2
88102621710,8
49325224986,15
51262726541,12
12351225576,18
90358453500,20
41391300346,6
9779573968,6
45294393992,16
59054582490,10
3679089468,7
98109291809,14
29498154885,17
3820901037,8
2102865082,19
83933325214,5
1809005217,20
86714389780,8
71935341761,20
6473443821,16
24319084413,4
70277283843,12
52392220989,19
3594659383,12
56849974857,15
89789863822,7
92310208064,18
19859038481,14
18933717462,19
61237686800,11
49339854635,6
13555074842,18
37142387121,4
15930528666,3
19095901144,15
81172702819,17
22636924193,20
83417632435,4
63932383843,12
55347160570,3
62920458604,16
51545873509,15
27192077236,2
46509259272,19
34223188159,10
87037850612,14
77058021289,6
60540498063,2
56994229767,20
30883046511,14
86000254161,2
3714190181,11
58464897346,4
64394348333,13
43712251961,11
88409107456,2
24048017018,8
61509012631,5
83327680565,6
25920043232,10
41973839021,11
6687253885,7
95475149645,14
24518979295,17
94773732317,1
564310438,1
87714613650,3
4136277105,6
7978895699,5
12999271658,4
56361755414,17
26639846048,8
46423701114,16
9571369806,17
70736072315,20
24097707315,3
15347524297,4
56830120637,3
5342247733,4
34940522017,3
5300874502,15
88009844735,11
24136467772,11
14544901783,17
61975435979,7
17677441050,15
4084981714,14
69762586927,12
27796379574,2
77999610756,16
28692090066,12
35339493407,2
89962849966,10
24780121370,19
21183607308,3
76690349196,3
94167971337,19
60717073264,18
30138916751,3
39431623196,16
8456594968,7
43407293769,11
96086792130,11
62901916906,17
10516489080,12
68946748920,6
6748879684,13
97143963890,4
53527336906,7
42285630728,6
84399065719,18
55540102637,4
97483504357,18
97952314503,8
22148388197,8
99837934831,18
11243758588,3
60635082577,4
3034839857,17
66501507670,1
59146202691,2
19919767119,1
42062681930,5
48045058925,7
44038449935,12
66309731552,4
31938043720,17
67182066754,16
78633551059,20
17142398369,20
4326110356,17
71672624280,9
59100557609,20
35609764379,8
33061433344,9
22163041516,17
75132146805,20
82210301197,7
8482166111,7
5442525493,5
93258053671,2
93415354865,12
65867532296,8
11181875820,16
31947344212,8
72335358851,1
19049265053,1
69185331694,6
32493893147,20
30684658929,2
57861252780,8
45849738415,17
5559858412,17
30528073990,20
59323380896,18
29779049636,20
53494383530,4
49057029667,6
2492941782,4
26070581478,20
81489452248,10
43627094202,18
99117942840,12
88625185716,12
7488889810,13
19503337905,13
94192211472,5
25160826617,12
18499186406,10
33314167380,12
10255446047,6
8501192893,18
46343233650,16
11033849089,4
63236078184,6
27603118584,7
40797830023,15
88702402932,3
23486489419,11
37805133103,4
62942077004,11
76996949821,15
80102410356,6
99328645950,13
60528189417,19
62417416412,6
30477901818,15
93260150016,12
44625998629,15
87210514580,19
94986916262,19
39522977935,8
11821983216,20
63857305577,11
51521305033,10
63315387777,5
40464732311,19
15146422692,17
87045999284,14
30255338930,20
32545272080,11
22498379700,20
79441077640,13
75524158713,11
83173919685,3
99156786073,13
44412637543,14
29711251586,5
43090591709,19
90455683576,10
51853583354,15
95706246190,1
71657531952,5
22690787155,14
25335957198,7
15105883708,3
13953731819,14
79118588595,3
89743701915,14
6022957213,2
55960896121,12
61042654015,6
54883141505,13
74397760535,14
11013296676,19
79754309030,3
41226981703,4
75313725470,4
11168481535,12
35214779552,4
16799448265,17
7759249652,1
12850764692,15
86892428807,6
84803928782,11
6638453917,13
9660464421,13
19521570228,13
7026175806,10
78692057234,17
83488054205,12
40855826265,13
43718062537,20
59160295967,12
80694928482,15
36115832072,10
56142870627,5
76685542460,18
60684462726,1
55208476598,13
44424409667,14
6731779408,8
27099936946,18
99441124183,19
59552520658,14
22596244138,19
61046251234,15
41240085549,1
36622980326,1
25169933698,20
70535329794,6
83543091495,1
75129658580,5
24189394714,1
51036475025,14
74415565751,1
20622559365,14
596676028,4
78135324279,18
29686904292,2
93386192757,5
81045351983,3
35801445427,13
9814565486,14
71883817174,20
85730946307,17
44447949088,1
27598340457,7
23798295555,4
6271624905,11
97084384322,15
69620231943,16
97938045949,7
583411544,18
94988493997,20
8326217595,8
5227950267,3
65028167111,1
31283572386,3
25203928797,17
78039863213,18
51883253699,15
13829004016,7
84435597398,15
860034864,4
61190212320,6
36857278307,12
29310936004,17
65812269103,13
31199396469,16
49032418602,17
9928334544,9
97835840962,11
66103229493,14
89496144768,4
12814335054,5
67483020324,15
1210802942,17
84363399424,3
22556729535,17
59747387141,10
94954164515,6
31342419170,5
88132611714,7
59809500895,19
32215329315,18
78046361797,20
43320176143,15
14253297250,2
81445337237,5
70537392693,5
16920784461,12
3919980474,4
87400981473,14
89759152308,20
43893018731,2
60991066570,18
64250256327,8
83191305753,14
70047327707,15
44307700954,20
84296545412,4
66913792027,12
91631259969,16
8287745964,6
83570237381,20
81049653147,1
69635271191,6
59245404252,15
60092569262,4
95939118245,5
94969401952,6
39148895711,5
13094544006,10
71459552295,10
26946504953,6
23147642928,12
27888882104,1
42920075820,6
23181005724,9
86246441816,20
62869154728,8
34566843576,17
15619613863,13
41430458211,16
74906855195,17
95700940359,18
35009307103,16
39015855477,11
69525994551,13
91626887556,13
10062536170,12
50408787642,16
48347026974,6
67168138492,6
8873351843,10
25058686931,7
54265411058,17
43052012557,16
38886038321,7
48231090960,12
85280522527,14
50608927234,20
47055173249,8
26551269865,5
11444766472,6
87235481160,13
1650937290,11
26564999488,7
6037139418,20
34761649930,13
92766548466,17
2871076541,1
80919995597,7
27526510606,8
13891422327,9
36869787718,12
41393113518,12
82696023987,2
84325281703,17
68501768911,17
72895875540,17
27286670815,11
12565438866,18
70596539792,8
9257008263,11
65225041810,14
31975159738,17
21619686887,11
24763009468,11
53904877103,16
18410734955,4
94948622516,20
65041379080,18
58711110208,4
77930122722,5
69868402807,13
45082541784,11
10831221275,12
5432927224,11
79452318682,17
54080083873,11
37502590201,5
94750963086,4
79381503883,4
92153984846,6
4834000308,7
20123465866,15
3794186554,7
4148538412,4
43702806181,12
73713252094,6
57422748296,4
13906041692,7
61281834744,18
86240832908,19
56206694418,6
99060215115,9
50961185767,17
81345546439,2
25305957705,6
86131771837,15
71631635751,12
72605377680,13
91301239983,8
31006463296,4
21084289334,16
41466092314,19
30954228073,12
65983300898,20
30320531338,2
3328435142,19
10269508801,20
25213499666,3
27487019760,17
21162487463,15
99772437451,16
38280775686,6
58182964234,17
84240142362,1
23811397906,12
47300890192,13
78521398296,6
11596558167,13
56309479905,13
28214407035,3
72817014683,6
75489680736,13
17641273314,4
86727558593,10
65093025750,4
73599149673,13
59942819783,14
8934333263,17
40522798895,10
47658650344,8
28641382389,16
86553521081,17
71435515791,14
99193835903,5
18462567830,11
5262408026,1
79392118552,15
58702448692,9
17692150724,12
30479689203,19
11687178444,12
60612171721,3
49477306615,10
16101695431,12
67645721831,2
8390072085,7
72775549622,16
19536316906,5
22207890276,11
5391238029,7
71396987989,18
48957661794,7
21297223998,4
40248075812,10
96988782025,12
6031551121,5
79165644850,9
39154746950,1
34223733606,17
48756675678,10
51363942242,14
72468942775,3
39347571752,15
22643980109,10
8531047267,15
84174610774,19
72136459455,3
60536914516,9
90597556281,1
31300009660,8
60297220467,8
6700473606,2
75491666297,14
12127885806,8
14653140154,7
36480890749,15
87093153241,16
40481120940,20
6783616197,16
77711843514,13
82736496672,7
58580205156,11
37943902463,14
5385051812,13
66406852320,8
30163620831,1
3212183417,12
87199174878,17
13920316547,2
54114924994,11
47372688599,11
83905457700,18
69280714143,18
72763093790,20
92984397455,3
28656969102,1
24857425352,20
58895068427,14
29742875787,15
94741974623,9
22035879788,13
23942050039,16
62170099773,18
2443785776,14
54287053482,2
82376278236,18
99477825527,11
55485303648,3
2209463450,17
9168904080,13
59104716778,10
59834129506,6
69211805001,1
2389840298,16
4361294493,15
86200216574,6
49109836143,10
42862706123,19
93368701020,9
76264159920,3
43158188891,20
37723056286,6
35996612749,13
45518515856,8
44788923939,16
82820034133,18
22192678520,6
32144515239,6
35833416699,16
86177924379,7
23650901181,13
55787437074,15
18708813943,8
88474967720,4
46058354018,4
42584323826,12
21752593031,7
53821881532,19
74835958259,3
75424941490,1
47462607731,6
82254186175,6
1667454358,17
50675419322,11
73729777176,16
96082923749,4
99934049440,12
80275214962,15
79032336235,7
1498955051,16
4822155139,2
58459950238,15
78858696040,19
90786666774,15
65261944588,1
83005857765,4
69439057894,2
61954614799,16
32079059173,13
22888593015,6
81046202238,19
66726567688,20
48976945437,9
4742506683,13
38419084663,3
49804550533,3
25158217820,18
73621738346,12
40150754491,19
53461747707,1
93374155033,6
58984914426,12
22189565827,15
67140460174,18
14551598975,6
98937247059,5
41474185721,5
5306512059,5
20783453266,18
74381878094,16
49736474838,14
91170939647,8
20523980951,10
18446532994,1
94141068534,2
18025554175,5
7333646185,1
64296393159,6
5123142638,20
16735255959,17
42870066717,10
58184904860,11
82264996820,4
88124385659,19
92719759936,9
51781858679,4
27164724253,17
19039273431,16
84191564896,4
31775422273,8
69694163251,17
67575251488,14
38725742721,13
32141741936,11
45512683321,15
49395800308,20
49644181575,8
53211225745,17
52149164102,10
54184382623,11
941611456,1
45325229797,3
79361566907,4
26123943718,12
7287367437,8
80413302064,16
55876662415,14
72161777456,13
85119045733,8
44010677291,8
66360074579,8
51328756497,18
24191645220,7
39013437647,7
63990756818,17
54148719500,9
14791880279,12
99048768952,8
40064570163,13
40880750374,11
81226930188,18
10157216242,6
27792874707,3
17622348991,15
79773598536,2
72507159801,17
40728857987,6
79766741090,13
48910080451,16
12808456307,11
96750742633,4
35559235777,10
94285989120,6
7716864791,13
74941628649,1
40461475481,19
90746234149,9
69067983830,19
91677442009,12
88405769499,4
14462168054,16
41325569721,5
7470465484,3
245225635,3
8610724093,3
66194411645,15
82722656651,8
90091382338,1
19973877351,8
43738795697,20
25624554975,7
45308214590,20
65462316333,20
94056145709,12
47152215804,11
69939323426,18
9313188961,17
94777338924,14
93543062038,11
80133042318,16
17069803655,9
45717072974,13
55131994596,12
53127173664,16
33712759199,13
82579370304,1
18463256647,1
25214376032,16
66792793016,3
87697671926,16
99089947347,12
85895330951,15
43001785341,10
24450884227,18
49697483027,18
29699018142,13
63446226593,8
66165431240,8
79607862050,1
23686691540,16
39515975953,10
29802949493,7
58230186826,11
20421742641,6
15825091381,14
54066129065,13
92355297070,4
57251927740,6
70600599803,3
95858590113,14
63016474775,14
42611561607,20
96675138658,1
49969800031,12
86903358007,7
25239986945,11
12941935280,10
86813965163,16
45235946056,18
51676968542,16
1686854111,5
94939947554,13
86284505645,13
17232367885,16
98698850979,18
84622926598,19
54387314179,20
45886884342,2
63084390721,19
86730378836,16
32056607219,10
69461858880,20
51595666289,1
19595989187,7
37644543135,11
97613374164,12
51675735855,10
13576893299,4
46785329121,1
79757793250,11
35554775352,7
84039250220,7
40885722201,8
72182469574,2
81117537743,3
76327213024,1
28863306493,2
88800524701,9
36160681128,11
69511063359,9
39026382262,9
9978918080,12
99538092241,16
58465716654,17
18426849898,14
72856440980,2
59790943972,1
94796404028,3
92980837846,6
17387276578,15
64311461778,8
92324618515,15
57449604680,18
9153582979,8
48679544182,14
99616124984,16
69191948397,8
99651325130,19
53407595562,9
43692228770,8
10588130628,5
37696189832,14
42032339734,7
12888544002,9
53537522342,1
43019663755,8
54037147675,3
39417135816,2
35413221776,17
409843112,19
5225836310,17
66770689767,2
62186656994,19
82206134229,15
7063497755,19
58270120754,13
85501024378,8
55261478048,7
29754205735,5
92501952000,18
7701899924,9
94832438473,11
17046895046,17
82874201375,13
43940347714,6
48396562738,8
22686756857,3
90897749177,19
67597409249,1
2574751327,19
17745028261,17
87239022896,11
83804335677,6
27622978221,5
67204147029,8
78922017466,4
42814953190,16
42554289421,16
15937761636,10
78812977974,7
28034509849,7
69949516281,14
13609440703,1
96444696641,18
14932463312,4
12860429798,6
2605821869,3
46378696174,17
12075800811,14
23182827921,17
33633544226,9
17610732254,16
43260105189,14
5909172233,5
76287787118,11
10608226846,7
16436237375,3
42506587071,4
32978177098,13
95126713266,17
84896673831,6
43154538045,20
44877464266,4
521848308,7
18097953757,2
25412683836,14
12172648161,2
41333551182,3
65447836034,7
65104114601,20
59125060648,20
32973644860,19
79910095631,19
49760151217,16
38195734366,9
36469262012,11
66294161196,14
54508991520,12
55028848183,3
36624415802,15
86269766228,10
9743732212,2
80247798355,20
61307251725,17
42825239825,13
73956201493,17
9054567150,19
58384934720,6
77078781767,9
67028558437,15
17072935619,2
79642935715,19
63693195255,16
66107564199,12
47007245634,9
78332022010,19
66082790953,2
14404183378,6
97453598741,7
74873211907,9
23754137624,7
33861838593,3
13056640274,9
5532148250,17
66584893999,16
95920212329,2
42766786210,7
46766490817,15
18472013711,17
47013198670,17
63429136762,10
51231102728,3
49916712984,10
20130322055,14
48544299256,17
71799870113,18
8565771476,6
42280928893,19
57996673970,8
31781099099,11
64338313450,18
61241288165,9
56099496107,10
16434497646,17
16243421957,14
25692338041,8
31854839939,14
42724109763,15
3346513832,13
76409706119,20
70441277079,3
50944570214,2
28284334355,8
60895770889,16
95186817153,13
45684247079,15
69904855300,2
81332287828,11
70261761801,4
7261968588,20
6466841303,4
25831193036,9
27353645977,7
75171079425,12
84993092701,10
22412356212,5
32422979338,5
53225531963,16
74249043544,12
28058315799,10
66552008290,9
13568078835,8
15645790014,13
49271757874,20
44945341528,4
55962557413,20
37943888948,9
79818178901,6
9355926210,16
77720000787,19
95950459604,7
9050617283,7
92120903777,13
45471726653,2
19068587233,9
26986678834,12
8784543758,6
6036259933,7
14577509039,16
96939528084,19
39474580027,17
80311645682,16
74006570268,12
20004053671,10
99700424735,8
41942976722,17
45012352852,1
84491720503,1
56241820903,18
66969278815,18
6858764008,19
20558272683,3
54838228433,16
54779443507,13
48831529519,20
18995927035,10
93409953632,13
4087289654,4
89814537278,11
12958024730,19
25065419509,15
71239206475,12
652296120,13
45291622141,6
40898262662,18
6875203226,15
17199290547,14
3036289468,2
60426213057,11
98211519441,14
38490880391,7
54174480607,1
32053787679,6
47175183551,2
6579858298,5
57045242183,18
82812247849,18
42999719217,12
58859403920,14
61801706436,1
1337109158,10
94753256943,4
13887343313,9
44580989165,7
92672757307,1
47770265607,5
77662955358,6
27531710628,4
51374775950,13
99484813860,12
45883670054,9
95915053365,5
89345577235,20
49145899608,14
7069027343,6
73674675114,9
17177651580,3
90992160457,6
11732946022,13
11944568817,14
73279822507,20
58707038588,10
26976153710,18
96734557876,18
46307537944,6
67113135106,18
66008946257,1
74320845504,3
25704724224,19
5588665868,6
86692679472,11
76752065630,11
64864862804,14
83514217722,4
11586851221,9
96573662789,11
85889959545,11
71790309323,10
78278704925,16
71464942809,14
51228394416,14
56640279426,9
59164415498,20
60243322932,20
71125331529,17
77074970021,10
4507520118,11
26451606697,13
68993804540,12
56811009247,20
32945070425,18
67223145858,19
63554511775,14
27294754087,20
81433709551,7
98196141627,18
11547921660,12
73735636676,17
1582449602,3
13571158487,2
91714479867,19
1156824785,15
47281525618,2
14022431872,7
68743026311,18
38714526543,3
70953342613,17
16414185242,3
76319387427,18
8526083500,17
1363631951,19
6553071818,15
40113074705,2
54708728144,4
60276254149,9
57960728211,4
53888019994,9
75446939463,5
72131063748,12
15193327097,16
71386383913,6
94204994178,19
50597059921,8
16603837349,18
28319405118,2
58210390558,17
86826565478,15
54124306103,14
80516687801,6
15381058388,20
1238606372,18
41475262335,3
64897911682,5
94501966416,1
94422224774,6
9387867323,15
62414308743,17
20769410216,1
2033753728,20
83036841453,9
9492126666,20
69118716247,8
57568823991,3
89996133459,11
71449955145,16
95414833783,2
73195497930,11
84767895165,7
37648253146,13
7227588196,20
49042523770,14
7998056668,3
18824433014,19
45477132294,9
69420263181,18
65180860434,16
77179300131,15
57118200156,19
43400263743,19
76096783200,12
17167803365,8
17021983283,4
13620276924,10
93558835189,9
52979968810,14
13665845693,13
12886781693,4
59749569033,17
66819697593,14
27743101735,5
94657175796,13
4940708632,3
62627769359,16
88363864802,19
80405443127,11
4782965620,7
79911632658,19
74177763640,16
56033041378,16
18577673493,16
83316857128,10
3026450793,18
66013585443,8
21330300293,13
83198579604,12
27930415777,7
39758463125,6
28683115901,19
93131783258,4
22393947968,5
50390974851,19
67215643303,13
47996169032,18
60914561479,4
64550043244,13
3001229298,10
90983078858,3
54962844971,2
71994472214,18
42716267093,7
40318639525,7
43403971503,8
32858492501,12
66860859894,3
81555820308,12
1743781333,1
29798439319,16
76429345434,2
94449794644,10
73920575347,6
74679411612,19
89685694137,10
737030529,5
68029289442,9
32023191842,5
71351471983,17
46349923995,15
77256406769,3
28573253619,5
83403785770,16
6397131437,13
46555971459,16
34206362932,5
64575816466,10
97440027543,2
92251151760,16
24783443836,14
63858867827,20
79514503348,19
66773038755,12
67855542661,4
2543707419,1
98337019485,14
89298928027,1
4446527343,11
9145879377,14
36014216161,14
63613546032,10
83262676917,2
54980781643,1
53565208068,3
94428488298,14
37279071811,12
98435275919,6
4197575702,19
24720078246,15
40703029100,2
3245576526,13
36695084211,5
52734677394,1
2767572121,2
85686350789,6
75342563575,2
26476126135,1
19275467696,11
26311172012,15
90070746236,11
16730146154,16
43505467430,15
15059772083,14
94171718528,8
28278666206,12
92620752998,2
61800248288,7
27972521515,9
31867118479,14
64740088507,2
2915921748,13
34275544953,1
84072105969,2
67842398994,12
38261540867,14
65696245007,1
63801025295,13
29467837611,1
64633057452,15
12543527332,13
20146887218,1
74901075505,11
95375259222,3
20274209083,12
35387265853,15
91600832607,2
24229509669,9
29647826113,16
30226704252,4
68138157939,15
23667766675,6
15279537301,5
86236642598,14
87315183689,10
5480738907,19
517835797,17
75102469611,18
25538555590,2
36202427482,5
21205674851,16
64630160595,7
59572777915,4
86526234376,19
85719610315,13
39948470661,4
41686060869,2
2201587212,2
91102828471,8
23666660861,1
96121260952,6
48184916519,1
86914033771,18
22776846889,8
14265873267,12
94176830840,17
77728294930,10
63143236822,8
99071766268,17
47887782739,1
77604688436,12
94104423819,9
88410357767,12
27810978553,8
70167924340,2
5940799805,7
44696004681,6
28260288582,17
81035641271,19
51785978624,16
99037079872,12
39681273602,9
13281161125,9
57084970687,7
92695923808,4
28918551479,5
94934741477,20
22170077149,7
57597555824,13
57413391190,6
91990597249,1
38073254257,10
2631443990,7
97730752400,2
67000026266,10
3482813198,13
69525249477,10
38564926145,20
47104516607,16
470751234,3
44009165410,18
42678724378,6
56927365015,8
71938675947,18
25645450439,19
73539193423,13
49878673417,9
38307288864,2
9752117122,20
25252693231,13
49410747178,13
25984205920,18
6154068780,14
53764703441,9
16735499002,12
60784226233,11
85317494764,1
39388858697,13
49085165425,7
615788719,4
27609422057,6
24542595521,17
22900004946,17
39490876166,12
58523032000,11
52192627770,19
73050697356,3
90212061012,8
50852030264,19
8080014881,18
63545890801,9
2952875686,17
12472378842,18
85239449969,17
95665405027,17
9575833409,4
58008359518,4
98043464875,16
93642174394,12
46101099296,17
96232884544,17
45286552275,1
13198309408,4
28782575140,9
11321371731,17
9326239734,8
21699906784,16
93239208654,14
84037899444,4
28458142762,11
63293780726,2
5670820829,13
57669212645,10
9452666816,1
70385537146,6
44223238459,15
5320985555,13
57163757133,13
24421289837,3
52422205299,3
90679238228,13
46311132399,8
51389936986,3
98455292243,18
22810703050,10
55853006945,4
96582442399,9
8427690265,14
11196301324,1
46464752846,5
5766298929,16
82183949805,1
50964157277,12
31758788904,5
96712976093,12
31027492350,6
7443108301,4
85110354271,5
10454001447,10
43035145446,8
22882494383,10
62650663063,17
84777294610,13
18203336602,12
82202253609,17
65152250736,16
44227987996,5
22535068003,6
95847859398,11
59315793730,9
98695008167,12
12431655357,9
8781953211,16
85650753292,5
15663999523,16
76330950487,19
27415204085,16
45574579646,18
9997288219,19
43055653776,3
36497314462,16
49486057066,12
93366526593,10
48853278289,20
37508786005,9
28093716854,19
31688388088,20
21461744983,7
28760137702,1
98490151573,8
34202745006,9
48910094515,1
53269486804,6
27322667804,5
82382775253,15
21346005342,9
32411678081,4
54804259140,17
6939519316,12
43128115332,9
22146837741,15
8847431464,18
2428277883,14
62428662742,19
95646518524,16
34278519630,1
34077884828,4
49081232642,15
71144903829,9
92399959387,3
3342481902,1
45811667074,4
73557884004,8
46140229044,18
64894956495,17
22696414266,5
49472840545,12
37153268223,1
94244955672,12
83346679391,16
66818436193,2
90234741357,19
53304259028,12
64319143881,10
80792594236,16
19703247129,9
57170930575,3
45676311562,17
80302624635,3
97195751332,7
64354938810,16
79774727616,17
94360552175,12
44071338483,13
31602708476,6
62215845377,4
37917463993,14
56344336284,15
48728933210,18
46727178930,4
81278190089,9
64579095793,13
10010030638,20
26651919878,16
81640195885,9
28074978666,14
5995816156,10
84862575880,11
3321409484,19
79740525704,20
59761065551,2
95967554527,18
59197506767,1
20494471806,19
87789969444,5
75190928508,14
9749529313,14
98077509530,13
78921832495,15
10612644642,16
89291988776,17
39604327421,2
50556372761,13
27311168370,16
94073688577,13
20933420116,13
60634620225,2
27162707023,13
71630577996,15
76959270825,16
73057663257,18
47005008127,13
76225460275,15
43630425969,17
66850704992,6
46937130837,12
66152610,11
35603296103,7
30849013758,17
42961087110,3
23178289699,2
45630037062,19
35191611084,18
80856483043,10
66640604164,10
52534716918,4
66427322295,4
87756876123,8
45682268970,1
24001189493,4
37921859765,12
49317048082,19
57501707450,10
98157572051,3
42312438303,4
40812742112,3
45971432536,4
25997652148,16
54700145238,17
54964776362,17
80561155579,8
49242849316,16
61851543161,6
35546291979,5
72012889850,10
8332568753,10
94361819926,2
80654308779,11
50931116345,6
40180532180,2
55474914188,14
510005217,15
57892525384,3
26838630414,5
83698052946,12
80765266584,19
88096555790,17
11965414446,3
61667184740,12
8174830736,13
72183542299,19
40833391285,3
96787545808,1
28217378938,10
64382601982,16
80601996266,13
71117591311,5
45502343288,19
89468605715,9
19029398000,6
92791400004,11
19590698974,18
37258657118,12
44377832513,12
2482918386,5
83907371667,2
11030216936,4
15304427143,17
32616541683,12
94305390262,9
65572681844,12
94569188310,11
53268480838,13
91625136805,7
21054354015,13
31087337133,2
51637007819,14
32048247493,8
30767704173,20
26044046919,20
83637417142,3
91498572874,2
2362633393,18
63120860880,4
77132490839,17
40857318659,15
1140135359,3
96765477486,10
4128405307,2
48227588098,7
83419228561,17
42756471537,16
62920724797,20
59845243403,17
68106089380,5
98458275494,19
14799823982,13
64690572518,5
67404213329,11
92389635344,5
39427219896,12
29574454033,18
45765586339,9
37973246190,12
95553913433,4
50971117919,5
1264406989,2
90908654563,7
35163977079,4
87324780890,5
66712737542,13
58887816315,20
61482171960,2
97937436493,2
29794109611,17
82604468370,10
59001920093,11
93471499752,13
62052635332,12
64950089301,14
56732487380,20
31148892728,8
82137371161,5
53651668103,18
85634554324,10
84838431718,1
39789699257,1
85704114378,8
69881865873,8
3098951346,18
39118073056,4
616632714,11
23540349703,4
74439603296,15
89270741374,20
83462740852,8
67050086084,18
74520741102,16
70552453104,5
65672261174,5
7429539799,14
37423106949,1
82738362647,18
92228444126,5
57541095134,14
11951331579,14
80211733624,11
66404657580,7
31256620233,2
56850547548,15
38290757754,2
97136535181,19
38168277808,15
76551150728,3
94414668141,8
93379209913,17
12391743907,4
83741348503,20
55088997345,16
77396407693,17
73889618056,19
25018466143,4
65071234467,8
10638487076,10
74373688566,11
14973519347,5
8294593152,12
62063490143,3
90837625704,15
39715188667,6
39408070105,17
86660918247,20
54498238470,16
47013622022,11
77457970193,5
93269539677,17
24834994823,17
95402816650,8
95699611003,4
53503761081,15
8800381435,16
42711017210,10
90530235380,1
96765004825,3
82190969062,3
50948760057,8
23266843062,6
49369335520,19
69879857315,8
77498158890,6
66398552157,19
5978690953,11
75084478586,8
49016743096,10
65963748360,11
45323068333,16
79074004798,8
11486008091,7
907833592,18
97837774987,17
50882709942,13
51609287803,12
19550730081,16
75481087430,2
22722297744,7
99116815076,20
24051323188,4
56778859834,13
45695360320,12
51302176526,13
87450519878,18
34287098495,15
9214985822,14
11936786629,9
22470779344,14
94488575267,16
18179684873,4
64105476002,19
17236440219,20
83803724600,4
7237724110,1
10096395926,4
93513190184,13
98157383003,3
28368502455,1
25648947914,20
85721926731,6
52591876884,18
58389280600,18
16327090307,7
58714594468,18
49271380077,20
9247470489,18
46922055937,3
31349946952,6
76269935651,8
39900384652,2
43076633614,7
35197114001,14
46632951368,12
60303397395,17
17223638764,2
23246849276,8
18125192652,1
89068410277,16
23794629003,18
53961629311,1
79309822273,5
20580340263,12
36466096336,11
30605172016,19
7496894552,11
42346584314,15
30970211460,6
12460358614,20
19399592112,6
89840914801,4
29520297309,11
43634434847,15
29607244550,5
59803437556,10
12825323421,9
53226331087,11
97231320081,6
8165153581,8
92274328325,5
50561995293,11
91785526069,14
4299788422,18
56764295799,13
37717701857,7
78976422407,20
5298456754,4
57575774558,19
58381094472,20
89837974100,15
83762706570,18
44453619485,12
99472842710,10
74980960114,2
36648624350,8
61856882605,13
40390875505,17
35522117628,4
19060469192,5
39878096470,13
12171073702,7
91554937115,18
86220849705,12
91477096896,1
29428084264,8
16328057937,6
18302816579,2
21601599790,15
80158688625,19
53414171504,3
91729709841,16
10625920446,19
54405465992,18
66536185550,19
51473544719,16
14304330097,6
51945662482,2
9479954723,19
43812359262,2
36856571886,2
29751919565,20
78423335556,10
78962997547,20
15903512425,14
9612790126,19
34212285700,8
77651591315,5
3850611609,15
52079169612,15
86689019115,1
56755683688,9
99891824031,16
17262299728,1
79393535618,8
56868698330,10
53735996935,16
11549445782,9
53920476374,4
35390402260,17
93129551277,17
64668252756,17
71001079020,14
78248642403,9
60504804377,10
37806924980,14
23566842411,14
66679264465,8
57742003478,6
82723933750,19
39870011463,14
47197184703,10
21913435495,16
95045657183,13
49037544522,2
78060231065,16
98738586604,20
47353477063,13
85349238156,20
30253347585,6
90938839758,14
38795828213,9
93156865450,10
23608263897,14
20561485295,15
6588033361,18
14046159096,10
46111512399,13
39649255599,10
39528440643,5
62560020181,1
14055002115,18
89643318155,1
29807878946,7
65899641534,5
76207274508,13
1097716013,5
42018561206,7
93211301367,16
96337048312,13
96166048785,7
51007397673,18
19113808283,2
45011050580,8
36736982928,16
54559272421,11
52490588114,13
98972771891,15
70930570529,10
70943673095,10
24285060707,9
5607680149,9
95618683107,12
61274872013,2
36847078072,1
63821274190,7
81768449089,12
31460990358,7
33473536035,20
42153449267,18
85660204092,9
23709566174,4
21479360484,6
74228180379,20
90897865735,14
11998385873,17
15281844384,15
37215917492,3
56602790603,14
60628416013,2
5202417882,6
20861759304,20
50643959256,4
88220945625,19
4525762137,11
81906921492,5
37282709986,12
7700917143,20
27999899727,12
52997333,12
62755458757,20
56663762864,15
52612343540,16
7201292573,11
8859439498,20
97745461973,19
21395871174,9
47982501143,8
46384485787,17
42918579626,19
87246284765,17
98828148611,13
59326075788,17
43069737890,14
31059125606,4
24902824200,5
50365122274,7
62439577909,12
75198307057,18
80397523181,5
14329994475,9
62946253467,1
9526339146,15
25189158041,18
18870656419,15
51257073367,20
90871554194,8
37003813233,5
11583118248,16
9848972084,14
39852297050,20
22601553615,14
64788045699,4
46612384383,14
6570252947,15
29902965510,19
43308990478,10
40615831101,13
99491202037,17
73324537210,10
70713639633,16
31130117,5
17915701041,18
62124750449,4
29400660311,14
66252918447,3
85072912938,14
76641525038,14
65553057567,2
62541474409,19
68962018471,17
42094906663,3
33790654641,8
82446497831,11
94845193154,3
21312787686,17
96565532282,8
17858820606,6
24438037826,14
65948032427,9
84109017515,1
64447072040,2
60651050257,14
4618500986,17
58017344823,7
6636533837,3
13035113491,15
53024481326,11
79816983551,13
91617599026,5
87224275260,5
26846903521,7
36954943483,5
16464880034,10
51446690909,10
51851760191,19
13087946586,11
90779935721,1
93031661170,13
44262980952,7
43369603316,11
4165941980,6
18296743604,5
26660546452,16
41573742942,10
42076409054,1
33509079411,3
83619122168,14
74886343305,14
45192366722,15
24522220673,1
16998716792,11
83578572028,2
20388158065,16
17580378152,18
90100201674,12
54291618240,1
69645592222,8
57963102634,5
79695733552,18
14900656348,14
1134184685,16
39557914400,4
35067478908,4
53011950181,3
64931689235,18
44834728519,4
65117416499,19
60466796800,1
97278759327,2
46614782057,10
19732195292,5
16267601724,19
19005881105,7
91964466811,5
4016724675,14
11765628697,14
65261887869,13
69913459643,13
6991639124,1
698249571,8
33845169471,17
33087314895,18
7557989744,9
60407506922,4
8529191578,1
73216600177,6
27845978783,10
77332499356,16
378974023,19
74972006849,16
64099418497,2
80989077682,19
43991371058,17
53777101254,19
73318289645,11
71781201470,2
57318233750,11
56174573680,3
4918002530,14
52496565339,9
2545684262,18
55429760850,12
79885687349,4
83007134982,4
76602097673,5
2033918224,17
69621453697,6
90133066631,17
7879806262,15
96878585370,1
71661334554,12
10126788186,3
81115924903,6
47357628172,13
70331462103,6
85271485520,16
99639019438,18
84484397914,1
72565797796,14
94882130072,9
79835067175,14
89249812417,16
88278458633,2
97328371679,9
96558933229,12
50369669599,7
88312831806,12
36034012375,19
16804845428,1
6175563290,13
60101193325,12
54956626704,16
14272493141,12
15189205894,13
54133061622,9
92934538080,10
30728316812,11
42931632120,14
71130601280,9
10038370939,3
64851496949,7
95628371222,12
38296030263,10
57408026450,7
26369098742,12
22213619870,9
63039254650,3
46642445329,16
87824518129,6
24752796473,6
71573015800,20
42554918077,12
36481974422,5
83546326705,20
15559163314,17
25502842452,5
19903264702,5
67112623711,11
71873007016,1
8642904229,5
16130687505,6
19815722774,11
82612641263,20
66767276739,11
80480183977,8
80051756988,9
21019362072,7
19165827119,7
79415030180,18
71977799979,16
98005154652,20
55751120587,12
18450131118,17
56825148687,17
21541026048,8
65349059809,8
57943128065,20
60040057416,20
71166811685,18
1949355022,15
84882055524,11
51277052597,2
63711527137,16
34703277320,17
247492453,9
86201310265,7
97693958955,1
4526455341,15
6265758732,7
91159934356,13
90327272412,9
65745880091,1
20090201653,3
45543518007,7
44295725599,9
52276236137,7
69638777889,13
70839497410,4
68579855522,7
92879753676,3
37402189779,9
92882106273,2
36742449443,10
56021270196,2
35472247646,4
57017353925,20
5680982268,3
45429162457,9
5432203463,17
38874298566,1
57455777846,12
75170289353,6
97743211007,14
80393837203,12
26389295154,3
11462795196,17
35046643080,13
20303257044,13
92734469455,16
39979976933,13
12487548626,3
93249676710,3
63922921129,17
31912747701,14
86299068864,3
78381648293,16
11332443850,13
43458917895,20
82050659524,13
56165942195,19
23130623871,18
12611217379,18
1737001564,19
23927130643,6
14801556849,13
87009283126,6
67824333278,6
64874182477,1
80097076364,5
89404251431,7
91510574277,19
41947495614,12
32824397731,5
86160228057,1
34121776629,9
8005828274,20
94330045860,14
8574047731,4
25302214257,17
49932164129,16
68179045796,6
40322527909,5
71641039569,17
74980367151,16
53168080491,17
35641711797,9
37633896309,19
53663045531,15
34701372978,1
37450693402,15
17490488224,12
16675662271,7
65182919821,10
68621798186,6
57026587674,17
4610216238,16
66505259117,10
36153554267,4
8882261245,8
41033637911,3
4649109848,19
89469713205,20
56343346996,15
41313556012,7
12514569188,19
41294406604,16
57014937923,19
41099947609,14
27277915889,13
20086026390,7
54856229627,15
12629749074,20
20358308236,8
52942317036,11
12075236398,14
47253199430,12
46715000351,17
33257774877,16
84163397331,15
12261343020,5
91428811654,10
72775944597,7
90364774704,13
1359615639,11
22445579220,16
6325936305,17
81577082000,8
85443399336,18
45874113064,11
21073025633,11
23386610911,6
21738199210,13
3495343940,3
59602132774,6
92535887670,17
82731708718,16
6666785619,13
43170430989,10
23817401848,19
56360463884,10
20566878248,2
53973542878,8
75526395496,14
85980219110,2
28219243574,15
28120153904,16
61602899480,15
29136929807,14
23680736921,7
62646352868,18
48116579099,17
91548857415,10
98358306960,20
30035749293,3
76200914362,15
32787156426,5
29885876448,18
10876093059,17
54832032146,9
91481268301,10
25276820833,12
88631346471,18
22533645425,1
422047951,9
48805107330,15
12024081045,14
27830708757,14
61384823103,15
38738797672,12
47814161668,9
58849493464,4
30640009969,8
8536153703,1
9917232868,18
57424334116,14
2757126343,20
44835638316,3
82315234651,4
7730007870,15
29858617865,13
28329745640,10
15538033345,3
73048920448,19
24094669743,20
44752602654,11
47062951906,18
18817503929,11
81736833719,2
99280420433,19
33812935916,12
6756530268,17
2076628738,14
25154185132,13
79988437738,13
83621577151,7
40531078543,6
62843481775,15
54142174597,4
40155951868,12
62629889031,17
70944832433,10
87210048013,19
79251896172,10
49084255320,1
66578801325,17
71582409396,4
58140539322,10
11774634723,11
38162900646,5
24564740174,16
69305503964,9
83608681003,7
56987163769,10
93127597390,12
69681971253,7
39739212133,17
82584667812,15
51957677761,17
2263550215,5
75837770714,18
12639215727,19
5835190787,17
71235463138,7
92588844079,13
91402104161,10
84341178192,5
67210236630,16
30361054036,19
69214831999,5
72885631223,8
11487352967,20
23559417020,18
45917450733,9
25011050446,9
63631472402,5
87812913022,20
89466410452,2
82975255491,7
64533211580,9
16468183334,11
79396583890,20
8903975455,11
83691610593,13
70338442999,8
25202817518,1
66349985966,6
6366894899,17
27585324504,8
65965385663,2
39875449180,1
97463664619,6
45815325930,18
3059248911,1
77933539991,9
58222729452,16
621963596,12
72710283690,20
55019047155,8
43727877999,1
89127939244,7
96881888695,5
99730434967,20
59038087589,8
79244142230,12
53919652115,10
28889948811,2
34219487459,20
91613446613,10
20036379089,8
74549368442,20
43237957064,19
67435520242,18
63715078995,15
5141252278,17
28341773861,17
38336952361,11
85784961889,9
92959063444,9
61635238883,7
46438838589,14
45394452520,7
11625776669,20
19152638085,10
89722881026,13
34627438907,7
73955066290,1
93075804982,18
34954161979,5
14668201300,9
57650484168,18
70289578819,12
92172625723,17
45140148289,9
57096266535,16
46032951927,20
71834996710,17
92303568829,10
76585573516,20
87567271208,1
34903458485,6
46649747691,9
99013902450,17
42316211359,8
56818913657,19
29004441724,15
90363401153,3
60541316349,15
18924576024,8
72467625336,8
62414856448,10
25716050834,6
78800212226,13
82632202607,5
81879183658,7
62707151706,15
86307486813,16
3920058091,2
32915488005,6
35704226188,17
14125305713,8
47957589693,9
81569567113,7
25310715315,13
82606226479,6
19729718312,16
38627554988,8
66026578903,6
64271192165,11
30210955448,16
28092773484,16
29696403494,12
51671380427,6
59857358339,19
54073384355,13
20216842737,18
19191071966,5
93010322060,2
47652150048,1
14299931213,8
80032320084,11
30382467718,3
23365551737,18
86562181839,10
86010675628,17
5396542458,19
98034801257,7
92198275765,5
62444850907,5
752307997,20
57615438024,10
35477965761,6
76251410404,18
42798767040,10
44596159659,11
30751513510,19
21954490067,1
26179864630,11
85389477335,2
28639916875,10
16931866907,6
11736268162,3
78503499272,19
92077633339,5
99577922962,13
54001222367,14
23310228537,12
53593635540,20
53437071884,2
75732232899,10
77445581965,4
42649243294,6
43994314528,1
47664073639,10
88867822991,15
30028987915,3
62959643671,12
24208667999,11
12957886634,5
38273677662,1
10799866674,5
37774651476,2
6158740818,20
41012651731,19
36331800139,19
62199588030,15
93250820637,3
83021159907,17
84027231819,12
24867194580,11
65919215939,16
10283309758,2
59016537999,11
47547912980,12
93246439899,14
150518541,1
57193076370,3
6970028062,9
37606539593,19
99871196976,7
69227172724,19
45890627629,8
72850980,11
35543424665,3
88467648461,4
50907888515,9
78869154699,15
15491208708,16
23490788566,9
95842541520,3
88630234533,6
32525775161,3
86756003321,9
69059504007,17
36866319780,1
35163414062,1
55937211164,12
57077779920,7
11163152522,19
35975427777,10
43357523677,11
99439897209,1
79162261725,6
85372878901,18
76950227616,10
99004179007,19
79121330869,20
81367421372,5
38388474243,11
95254083863,19
23627405177,16
24744066964,20
44414461158,12
30625083795,14
87864552652,17
58866931119,4
93739117666,8
12018587489,11
46420869442,15
49038091396,7
11597334286,3
39112907487,4
77183634230,14
14213660738,8
20507844327,18
60370088958,19
93233263810,9
13721739000,6
75631469682,15
75361612779,13
26483713955,19
593569923,13
11187549352,13
88214279397,7
84255875411,12
98476803729,14
81826616306,19
78093779870,7
45662587686,11
61736468567,10
52026927774,13
41048822785,14
22134891854,1
72950755485,20
67082566649,17
9509136584,7
58148517625,17
93290126922,3
33045099827,18
3722487532,20
20236077640,17
87424994313,6
72627072987,7
43541245607,1
6042563696,12
39919884465,10
78759486265,12
98414335805,13
5425208019,18
52728440734,4
62685533374,8
9404079140,10
87782203058,10
84780299579,2
20657073579,18
65569447591,15
61936813240,19
6391528924,18
30019635066,14
23732708748,17
36311806134,7
81367868569,12
9731790623,20
64255271622,17
51390992856,14
87385286760,14
89585238147,20
50044976343,18
75333798882,4
69532317530,1
21332481563,20
18241062528,3
3454993266,15
64895333018,17
79799818526,8
81989107494,8
65588812352,10
70626713940,19
36766889710,17
57334062351,17
69335818943,6
34788412406,1
2617018652,20
1163595736,1
84247761616,18
60751997483,6
66285367377,13
11182202918,2
12983883288,8
27761815905,6
47197751262,3
96216047950,9
1098011646,5
99585040272,17
40259402675,19
67584670646,7
71525161777,15
7171579997,18
35632983851,9
7090591335,16
15804444003,5
13604927725,8
81405184359,4
81320907754,6
25434309819,8
34369776476,16
80893723967,17
41035862518,15
20011964871,16
26337391049,16
35156210518,14
72253060847,16
55685479045,4
67473276366,8
4278358334,14
80522945073,5
61019532554,5
850349775,20
98082887762,12
22971691165,16
20934818392,3
22394425581,4
13572365545,1
26414945280,6
46853471825,9
15556199594,13
50843983484,17
63081228002,12
51871415032,11
61808249998,19
27273739362,11
63747082552,14
47969623272,14
4905658262,13
51907107440,20
32848221919,1
58577616788,4
63565810581,2
48513288534,5
85577333490,17
68012198492,18
87092768796,19
85789772366,6
6829302062,19
67648093726,20
81290274761,1
84000118535,5
25962784216,9
95519922178,14
68591888753,17
88206947261,2
99300595418,17
71315805177,19
70186204760,18
82882289914,2
80550198945,20
34010618982,9
36547936137,3
87124366163,10
67624296563,16
61268653751,5
96382055671,12
54547893532,11
82074811363,3
7903631243,18
67580024716,15
14249664294,10
695701096,12
13854365519,1
63317644603,1
70760493096,14
73489820978,3
66440797973,2
1430273990,5
87117801495,20
48247042100,12
73523677058,18
95811785499,11
90202146203,20
24468049789,5
81391549929,6
66417775849,16
20994309158,6
80188887342,10
49374861137,14
42159828387,20
2761464605,10
90912265966,8
30344345848,3
44152782964,8
47283307554,14
26289269659,16
9363096457,18
78538110606,1
10390543550,3
66086161675,20
78428560661,5
31430053444,7
93754224680,9
9964749652,3
72693622952,4
70950151223,14
59306814708,20
3392442417,4
70075545055,17
82254679456,12
74648020257,19
59764844155,14
11109703793,3
58613738766,8
45689476050,18
84017235877,20
22558083637,14
22203831728,5
52433492942,9
21268420849,9
66229150085,3
19806558412,19
43591362470,9
3701597278,15
57965702526,20
71338812820,5
87128728469,19
84170292875,9
81130200516,11
9285154311,6
98111754560,13
86186238815,2
29472736646,15
92591006480,11
95339400314,14
66900519522,18
54028238728,3
16808719414,16
68774556217,13
80989652134,9
98419010300,19
52828065030,14
57387368939,4
97373243578,12
81367593592,14
18354775523,17
86867435286,12
24850820049,17
38101180185,3
48903599687,14
22337683512,2
15385269868,19
70747871605,19
51713436478,20
15784396923,19
70267092948,12
54407996765,10
95058834667,8
80525759343,11
9234777320,19
95316197995,17
17889043132,9
30596208647,12
94539042876,4
95732547264,13
11136200240,10
36715387026,18
54073075280,1
66120988764,12
50487380780,6
76350179557,19
54111042201,8
79510946584,16
38923900528,14
56218135385,4
17703396841,11
77305342393,8
32117986198,14
36926141241,9
56197345939,10
95635568314,4
3763151306,9
51084580254,6
46473465850,12
49452040540,8
27767018438,4
98129113135,15
6347759974,8
99693869215,12
66116656908,19
2368745949,10
53613772760,11
74061852726,2
72071116420,7
25771255658,11
15461012317,15
40205344616,5
51851860536,19
74935933632,11
6016131916,15
52026958276,8
79233893832,8
66615779168,11
25355018001,11
96800869671,10
95966154819,18
1565213279,4
11641522897,10
26114549060,8
62260530513,15
12626824600,6
86648946242,4
88956587908,15
56524166248,10
89299859169,15
40152380723,1
13946464499,10
32667479580,17
87331817897,19
23660612426,4
37986157395,10
20734210953,14
54317855510,11
40549156658,15
63613926718,7
61880189018,17
77177099606,1
78477177813,20
61609548681,8
11949212246,5
58547128428,15
89791718920,17
83570541202,11
9231214361,12
21811124615,17
29581100097,5
12368612943,5
12706375436,14
90100578086,14
96645210119,14
20511528904,7
47702175005,5
86274695425,15
10083885589,2
36390031987,3
33114085769,15
61153571889,13
20401495864,12
37138501158,17
96398473681,20
75908412983,13
39248965069,20
78732924202,18
20891411686,2
46302899190,10
94797790054,8
15010641126,15
65380604774,7
77588740670,10
54502117332,13
54186034816,15
70149757556,14
62448537112,13
34409499713,9
4495578891,11
13397073333,7
39609244170,5
84823611302,4
70382792403,17
35847446582,18
27536866870,9
51192415909,16
17706208761,6
52132898597,6
22964756962,11
89412611797,6
55077700002,17
30038267786,6
7182929460,7
29182719933,6
8113041496,14
99915093056,17
12631369902,13
38451395199,10
57832059483,8
84138148690,20
55860648751,20
13468274699,6
8543606457,7
91098347239,5
41419754049,6
69435682967,7
76538793422,5
67803606832,9
56117525598,4
65444485259,1
83015214413,1
27651737745,1
14431524366,10
1455923777,9
96541129345,5
7978601551,18
8147856721,11
17603793285,18
65936366384,9
76428012307,18
88271646838,14
8087586089,13
94697526741,11
74082928097,19
21638322872,14
87832171918,17
30691864945,19
90536499238,2
42091265819,5
11937981128,13
34772781478,16
28020548002,10
49252458443,10
87431299728,1
99755760411,13
18661371307,20
24507049976,1
92574840934,7
83808947347,15
14395927057,10
13551674031,4
42997930907,5
9600075797,4
86622505179,7
50355916146,6
76820065995,14
57464028700,7
79834221354,12
32661838397,4
72243110439,5
24903565008,5
35828079493,12
79655764947,14
11761419328,11
55928753806,15
89364221297,7
52292371077,7
65764647694,16
15231240724,1
64424953443,7
86743551357,12
65153377161,3
98402982361,13
28245541005,20
88914494770,16
92563988839,12
85128749472,9
18290874087,1
22167053983,16
92759422176,13
82769451337,18
47009532884,17
42352282056,20
13155365110,18
45807651164,18
1009593680,2
73922937497,20
95934451346,20
92059887017,17
91747235879,4
65934331973,3
82270472468,8
27114168459,14
99117339213,17
88666580887,14
60426237718,20
31479047614,12
33527584030,10
70974000986,19
31472220618,13
43644264795,13
77503101155,19
13464999954,2
18392384332,4
44720199765,18
79142955046,7
48876006908,6
45378984763,16
73829244642,18
86486725103,18
14880727261,10
31221359494,14
36246491411,15
56472635162,11
67032943999,5
73497477332,12
21159960775,3
32158638664,9
18307387297,6
15425757084,1
60981203153,2
11768369360,7
79798146011,10
43924561369,17
64310192082,6
75117290032,2
84548467005,6
38349088165,13
6665029153,7
88730591952,14
56344733951,12
16506089707,4
2954888194,3
42268895210,17
60169469875,13
29448799033,3
50782818286,17
49242527080,11
29046695697,8
14724487954,8
9084561858,10
87521297671,7
74971026771,3
31017890321,19
36769248703,12
10732448,8
90973660398,8
78360048793,11
53038643776,11
39956656746,1
54920927251,15
273001038,16
60120805908,20
63791374314,7
12343672327,11
8738434827,6
42432216142,14
63178089790,16
62422247521,16
48410837003,20
42558283870,4
29763308564,4
27066169752,3
97235512525,19
70843571824,15
82663483484,1
12801729137,1
4271902047,2
18363479875,7
26213476026,17
12522100297,20
78812328656,10
31523577214,10
29065220105,10
61941893150,13
38556370567,13
97210287608,4
14234533740,17
18355317371,16
26512443567,16
59063448312,3
48510929462,9
57761140057,1
58344904858,6
1414914304,16
67605370412,12
48959568479,16
96265780021,13
9994287156,20
89685318428,18
65898413164,14
69882812236,13
39290257794,18
35206502182,18
17596135082,9
25956535062,12
91291206902,10
84406399230,15
87607355923,2
18542627133,4
33377101923,1
14534129206,9
10301198196,19
34468165142,15
92827190535,12
58664254368,10
31818430121,13
23153791078,6
44758128184,5
86203934144,11
35733766411,13
29813337153,18
3032499419,16
52318798653,18
5170125661,6
65176871847,20
98950555085,2
25324977660,11
16030203938,12
50597131794,16
37431292143,20
13622994703,13
17527988870,11
64948241427,19
78200987449,11
67671040184,20
33543382154,2
96142063909,2
10352034553,5
46240288938,3
26095356666,18
97386978898,17
96882666724,18
98712640188,16
36141417706,3
78841431868,3
55993447169,9
58435921212,11
32666528924,11
30494323552,12
18552468948,6
10583393729,3
72622126691,6
22856410035,13
19289612232,8
3085332842,2
4426909250,9
17588212891,9
92426368373,16
18176481021,4
87118498844,8
84256617884,1
92209525840,18
79845919044,19
78439166719,16
49737676124,3
32231438378,20
94456780393,4
95558787160,11
61649038005,1
92769219456,12
96306341951,13
37167503391,20
97598441028,19
57522651839,1
87966778886,9
49094647813,15
21482211224,17
29465399256,17
55163943044,13
64689038455,16
47331461399,14
7580677541,6
27433782812,20
3236708958,4
25042676163,14
779081190,11
22625541651,12
44522093784,8
55047289349,16
9306906634,9
18788180433,12
15684381887,20
45034699663,17
26819064004,10
97079670571,13
3679259960,6
54683695102,13
96188786332,4
1635347361,4
20290784056,8
58657882665,8
55425591537,2
81673442156,7
66852437471,11
3370750716,8
61930833894,18
66191065913,8
96636821141,17
67029293527,2
52438359399,6
37210470585,8
51314654408,11
89623472421,8
78456953960,15
44059797882,3
41223333418,2
34089702368,8
77495277862,13
18366420031,9
82246773310,10
43989751320,15
1514612211,8
95142519452,7
78642134302,19
37575318204,20
66864831724,8
5208483481,7
84271082447,11
76214534986,20
56476814148,5
39600373331,20
41459087107,17
18520352675,17
21512585340,20
19565953152,18
96760824284,9
85109441575,7
87159001415,16
83487059116,20
84871613606,17
58066230699,8
65376452716,16
68203068909,2
16081602959,8
89244172336,16
79928291271,10
30531311461,9
88865674529,1
28372314002,7
59471967515,12
59140550774,5
91837294920,18
68017172987,5
69770047070,14
64734627182,4
82227295590,16
43516435545,18
94385727534,17
10015497728,16
49117691998,17
46211548750,15
55125653441,10
73802576494,3
36737464270,2
31941974961,18
15760569569,17
35104048583,9
85423129397,14
1115087066,6
30688061404,15
69513345062,6
16714839583,16
54003935387,11
26896521694,15
82661283873,9
73886984988,10
51391034677,16
33038270128,19
75534279672,7
25184968228,11
86463252452,7
82611667133,16
16714696638,18
72930362980,5
52668619585,16
37785574866,8
95842517931,8
71502967840,6
89450200316,7
97800046597,18
13879187278,19
16173190913,14
22376033499,4
29093577205,2
81538134549,6
15184457453,14
94550783260,9
14294342273,5
49014198927,20
89641578056,15
39747907785,19
53475131976,2
34181126348,18
96546194198,17
78565705642,2
65227250545,11
28613534161,12
66066279863,8
1639272534,7
65881573771,6
39340874098,8
91573685729,7
28181365608,13
44636913450,4
92925418196,12
1401428357,7
28458608665,9
6511725031,7
93933975751,2
52068732272,7
28540316859,5
77948127845,3
29089926362,13
31521955105,5
11173901721,3
73807235728,3
42244247453,12
14031290270,4
14606863393,18
20874456160,19
86483253355,10
50415532586,15
37685664442,14
38217086130,11
64435951078,10
2691910496,5
30915826768,1
64592269941,13
75858770916,20
36745696911,8
17197309147,16
81278047455,4
84523658053,13
97005743965,6
94562270710,1
16552743103,1
86129838790,17
35666650175,11
92655479743,9
73024660751,12
17735785074,13
21641675897,10
39085545353,6
69543413469,1
14634029645,17
41513813714,12
9510272322,20
36995261814,15
46479578461,6
31813295994,20
14897105625,18
34776743200,9
35580961350,18
55896296481,18
95342597639,3
68233176757,10
88935884940,15
78373281625,10
46161339402,9
108150528,1
60444943527,9
10728367624,20
40425728964,1
51181824451,17
81448144136,14
30612024548,15
78850168561,2
56368095624,3
37574024591,12
41418868440,3
89914235587,10
32519196695,6
85062158208,1
14372776092,15
47433262755,3
71308041982,13
31200444457,6
26576909464,19
13301578391,20
4083500332,13
48715723693,11
18429058470,10
46270621299,12
43937219463,10
11960641538,11
80753919149,14
10554736329,11
27689941465,12
33877927160,20
5085685379,16
69208535312,17
24661449285,16
99494610315,7
25515097134,8
37919609523,8
17042806754,9
62384529708,2
78128085985,17
10686550444,19
5490830823,20
56947324770,1
40913184157,19
47003950531,19
71120413641,15
66803048459,3
39828092077,14
6391206756,10
68518556745,18
25833145874,15
92972236229,20
10238062781,8
21894175976,3
84300519299,10
55530073369,8
90715664664,20
54332538621,11
87389559439,2
11242803472,18
80457907866,2
73677440137,16
6530765325,2
69847500048,18
15873820742,5
45750460472,13
73801224634,12
8425931118,1
5831578182,1
90088491366,4
23245398592,7
72048753416,17
90569967093,4
77271769257,15
119691712,12
56263062666,11
94665657593,20
21978062356,4
31765644570,19
58410729500,4
46562008009,3
67510635580,7
69590135435,15
70105237685,18
30972363344,8
91875929004,15
52544385529,16
34854521987,3
10227631094,5
65806156376,20
71760008175,19
2656093972,19
1502058538,2
47437411188,17
49160052742,7
73840188401,19
9625834738,15
70348860888,3
54731671166,14
28084222588,5
56990994635,10
15010884161,18
51307791583,2
59621899580,17
55392475640,14
47277163444,14
40459781917,10
87702613509,17
9304960171,15
79903711775,20
27123273496,3
28385316309,9
44756188264,7
79681348301,8
54405154464,4
11543234353,16
70360281576,6
98378071318,17
11346107042,17
65517025714,9
29926730065,2
988119582,5
46459673756,3
49830241417,7
66901167121,4
43187088010,4
26924144753,11
33194433092,9
15588325040,15
95525440460,7
76263971309,19
86160693955,6
63159300000,11
77937632094,3
62788763448,8
45060004041,6
99655308310,4
90680406580,11
27375040678,18
65386382934,20
58228495816,16
95084410946,11
33233806531,13
36422192085,20
47309921669,9
76006573707,14
10754069660,2
59304801486,2
73515382874,14
72181940352,14
9730342824,10
52912556187,15
27262763405,20
13603795849,16
56818259451,16
38735782015,4
85587108272,18
20292017776,19
67074628559,5
71366817706,18
92869043856,11
28039866594,11
21906696316,20
79558544527,2
5397853882,3
49746958020,11
99101805179,17
44771949141,9
45397568047,20
83103828250,1
8784729003,14
20600408061,19
29925118138,1
61371952032,14
66259224117,6
29191914608,5
75602885446,13
52214218732,6
51284642072,1
78557364251,19
19082171657,1
77599417146,4
32525572768,1
46390547406,17
5703464162,14
87012216268,12
44882430277,14
25323700793,5
85388782141,3
11389948590,8
5281429233,7
21191080558,9
72705141139,19
59732948776,20
12535989280,6
56293854091,2
9931450297,14
95507732287,19
63885611281,19
22539909079,5
7155619760,15
61908559951,18
90162849466,9
41736062648,3
20632317272,16
20640676948,19
79500310083,10
98080363949,19
59878860648,17
31165204653,11
16811568478,5
89835042354,2
82193830417,16
19694470282,4
25073906700,7
61735898511,12
67587530656,16
3189194846,9
66227163740,19
92532784430,5
23457641999,8
75242389169,17
71615882830,1
63421349691,17
5808937665,8
99926043643,7
87999888849,10
58218250259,12
10890079491,5
21333778579,7
81966908707,1
87105863641,17
82199914317,13
58299770243,16
71828628574,6
19001121741,20
7892145503,17
13190968271,1
23247629471,16
83532245669,20
57602135493,17
92567916813,5
92542482326,4
51652033425,17
67523854640,7
25948966333,9
42841941198,19
77641859131,13
81892814483,6
21502465562,8
9717185787,12
58953365628,15
11726960190,10
99597201582,8
20759083525,10
7095213586,15
10325931804,6
43910641296,8
75670090779,8
77994756587,9
79246885096,18
10103668614,14
32779440243,9
38581165822,15
53316056525,6
22260240384,16
29205333552,2
5554410562,5
89333225636,17
72546410769,4
3375168030,11
59579438661,2
37014523011,9
12476900714,14
61757224807,13
74914871718,5
17533827991,13
49672256894,17
7810805672,17
41564908310,12
68694084382,14
81469347595,2
97803345389,1
42995128071,7
59921106752,3
98151271914,13
69474233704,17
37520242018,18
57525868247,19
97166644032,19
7826881424,13
12691958844,18
53559266073,3
82606857392,14
26321393708,10
19129746108,4
21175656794,9
54553225614,20
46218960279,16
16585099001,8
33956802002,13
25306560386,15
34219070820,10
66558931457,7
38555594059,17
1607958984,11
13049770077,5
48393381557,13
5463800628,19
83657134789,13
77974379454,8
55002967694,10
50882597693,6
23537995217,18
77243699211,8
90712302388,17
39539242731,11
44099688102,14
67911369244,17
67029110675,9
72431238195,4
2866645741,19
53778639214,9
21728859344,12
31711145823,1
33932680790,1
71122000648,1
14262940056,11
95593449998,6
42767447158,7
67821734393,10
14766076547,11
53641585097,18
30503010581,18
58673818340,4
78933267236,8
21652303127,1
47558537461,10
45221000575,12
1388085168,11
95923156811,20
38210408529,13
75261796815,2
51325327640,1
38936333504,3
4056325554,12
47611435944,9
74965805540,19
32038651325,4
56965015827,8
91132783919,1
61633630028,18
93764477783,1
17240109406,10
69075810370,15
91382217700,7
37056798261,4
88278369740,9
97610633334,10
18276914557,2
48696650352,3
36624966932,6
99757943167,1
23763242482,10
18756550404,20
52086454763,13
83593638702,14
10784510589,17
26244976270,10
14332894865,10
56609518111,3
37137054931,17
19620534,20
14168331076,2
90088596910,10
65459523126,10
15335962426,6
77655769596,4
40942696985,13
37313006957,10
49970113736,15
29937952883,9
60459628631,16
65098128911,18
42398189647,12
97538480869,13
73014193751,11
31645295741,11
45386324365,2
46031835174,9
1879231565,16
32269077071,3
25496237201,8
9056220498,16
86585480422,19
6237911384,9
55573911808,4
93614677310,6
29760861236,13
62206810164,19
87167144602,15
94956156313,1
1737109504,1
2593063620,15
60567441900,11
5934344655,2
44937851560,10
76291789223,20
24304728803,8
95525242993,4
44398908186,14
96164087774,16
85555832417,6
31820962612,9
28739914806,19
26128320168,12
53531204090,11
85231787363,1
24620842914,18
63821336422,7
66769853872,11
82059085192,6
88824082230,7
97451232894,20
13919208081,17
97925262712,20
7358151143,5
11362461091,20
23438486290,10
29638562580,3
67806687218,14
43609173533,19
54627703529,14
46072935024,2
91228200507,6
81138449631,19
24354507773,20
2573262379,17
68223128930,17
84861678736,15
48844727680,12
88534602325,11
59853620702,19
34698973595,20
37638551928,20
71718549281,20
93612299262,9
40830264519,10
75713783393,14
26239172894,20
43800488500,4
4034367692,18
81054275207,6
47914950873,1
98605761089,7
36276833982,4
14897980788,17
18008944807,17
69777585665,6
6191931369,1
90300270723,19
54958176105,8
11541360689,18
41697490414,14
488670510,4
23704615480,20
36973520107,12
31314390824,3
7395735809,14
14860685040,19
47897736200,3
26063060942,2
67735014841,5
37715507083,9
47889131426,19
67679117185,3
30197332432,18
94196322377,18
90385156524,11
27068501305,3
96625727234,10
88717147388,8
82558353607,15
48103034426,15
56396169529,12
44116256686,4
80299277218,5
96301532307,11
14998994801,11
27813746104,19
83794054342,5
83265445554,20
36667916022,8
5710303815,1
72051960644,8
3473030611,6
39694579307,17
90853173221,8
8744447334,8
64236303672,15
22514403369,8
3546458876,1
65562575870,7
1497485579,3
95103855951,11
38193015881,6
31856245095,1
77363448187,20
61632333483,11
13728970025,17
14237081724,17
39168416582,18
80244892200,11
30811487921,20
7731548914,10
66048459710,5
35839828075,9
73800621411,16
75177134457,4
94755808671,11
81133049176,16
86151526366,9
39538157036,19
56709853331,19
97761755,18
4470754760,4
22547813313,1
93890671394,10
50967367658,3
47628765898,12
80152318596,19
51921506898,7
52195818365,6
52242051841,19
15874218304,20
97161268168,18
49408806373,11
95644562910,13
51450137117,9
14044602198,12
66254095497,18
27568568185,10
23306085739,1
68387107258,10
2469860219,4
84484625147,2
15406117526,1
32357618310,3
8655202212,18
83986014163,9
31532880470,14
26588237923,9
32983850349,7
91823931479,20
33686018257,18
39020924555,2
79362753599,8
27348011958,17
95925682054,13
58881441883,7
84188274488,15
40166364093,10
15564404664,5
77303806455,12
66300887436,19
31339442128,5
76821067725,3
46192270477,12
67011993422,2
77098218248,16
76663978867,7
55838441026,6
95637681888,17
24052333243,9
26393674351,15
89104221830,3
90885477285,16
68733535311,14
3017316268,5
45309580808,7
60095776282,1
37599129728,14
36010608818,7
95548702859,20
30822711122,10
91166718918,1
60067858158,12
76680239422,12
41959924908,6
83843316328,13
62865202725,13
94791696984,19
83305343584,7
66649570651,4
44873559281,11
58342576545,1
33348056742,13
18026657359,19
12779837159,19
70251058489,6
93866722217,5
47305080485,8
63201242896,10
6976501226,13
93189807008,12
69813612799,3
15965175487,12
13633853382,3
92061651264,17
54215676926,20
49600658383,2
7174742914,9
28883150759,19
79603510364,7
69203482660,5
5320050714,8
96442512476,14
96441993350,3
35469799858,11
53588736454,2
70593872836,15
23524942111,20
76874210331,2
16003300196,5
31297319517,19
50908573212,8
85528728756,7
29871986330,10
10843049468,9
94267330237,2
22159019478,18
24229905081,2
90495515450,15
22789041159,8
30989071332,19
46377395018,6
15795224674,3
68675901414,20
8202903247,16
16583114252,3
72127999700,5
79546685247,13
44750921293,3
77562032598,8
48560414874,4
94955154988,2
58841427493,13
467735396,14
87213301723,16
9290981443,11
13762224419,9
19274678611,9
38042207039,17
18542717496,6
9692621496,18
67044555519,12
89914282227,16
69079070812,19
79207247470,3
85287481261,7
34475968137,19
96123198126,17
9802386368,4
461799231,8
44181669112,20
57151964161,16
65133153142,8
4712877770,18
41949667095,20
30809331759,18
56337023828,3
62319214005,16
39084260490,14
93935071143,12
48331493089,3
24788766142,16
19647231728,5
73284601345,13
19408318745,14
62375893537,10
85316720386,13
28683444563,4
4300668774,18
84627860033,19
98797777325,13
66069733716,10
9817259903,2
2785915754,14
28109103981,2
50277903208,3
72097087936,7
83121233425,12
1422305229,3
3450115410,13
55929060951,12
46424701645,19
51290077810,5
96747158842,10
75687634115,15
68770622502,15
29278720956,13
39809037094,11
21395482674,13
27288690277,17
91646881231,4
63595719599,10
35696237131,15
82335294256,15
52397005722,8
99425059792,16
33379877506,8
90011439719,12
78211627705,20
72989513601,9
51376863911,7
14841615371,13
5062175986,6
87400287302,20
13376562837,15
14662762197,19
49482090474,11
25384119837,14
91136684956,4
24047246093,4
15884225472,8
72942487865,18
40039054227,5
20016670431,19
11252175285,14
5505935554,6
67113522526,12
8339327288,6
53003427460,4
27594865224,14
51088409227,17
12872325921,18
76226013697,3
66023523808,12
12741504020,19
3098656153,8
35093330579,13
49753198151,14
56227313729,20
95163486805,4
41456280236,9
4460532873,10
75774866245,5
98192695042,3
98790648783,5
52410894087,6
54255863686,9
11764891380,13
313730565,13
37092537437,8
3032630839,14
3956646870,3
91503542643,9
47301213990,19
57442552234,20
73893417695,4
85903227719,3
29720936396,11
11723856297,5
63535940556,3
75390208669,7
53015088689,6
61880408096,14
64040722175,13
72432332181,4
25853247832,12
38473244390,18
69315641153,2
4218145377,18
22513377700,1
54202865018,6
63361566882,8
81762935508,9
52066286900,9
29194002323,17
75888389321,18
69620677300,3
6764030762,1
41658439886,16
29051677825,5
84042849743,5
4566127881,11
70975922441,18
22157756557,17
38222367889,15
59876635674,2
21100225193,11
52250058100,12
23259746542,10
89093320358,4
65146623894,17
37225408893,17
28635610504,16
44589405023,13
46198007444,13
67821395322,11
95003546885,1
19636601078,16
77937252911,13
36728506057,9
55832545863,15
53831425337,19
59068445808,18
61761219486,18
54050476738,6
81763000424,12
68024893471,15
67148026204,1
40941747328,20
80683147331,19
85645414417,4
65909618256,20
12829175813,12
29094220818,10
48611660204,8
21657697266,7
12487232990,5
91288919911,9
24490041076,2
56022237149,12
34737949108,1
94670141938,5
75556945531,4
2984522174,9
46000105894,2
90071619048,20
60881616366,1
45833526942,2
21831909689,6
36608754280,16
23516018929,16
46651333331,6
44448802810,12
2322581748,16
28007951688,5
13436516476,10
81535715803,3
10175584668,10
62661101784,20
33333415913,16
50131534534,1
37015389138,12
52911074813,4
65055186598,12
413005465,10
36984105123,2
39526334683,11
14255060908,6
80195725891,2
51478913474,1
32888832454,7
12972603715,2
74020652126,8
99120600851,12
45039899952,5
84272667708,16
36775529934,8
24010250470,20
23226545256,15
86928622964,10
67147235984,8
21855155227,11
71863313801,15
71943412645,6
75454889184,4
31310239488,8
88641321484,11
82628084174,10
79731505046,3
19262966215,8
99875000451,3
27357213555,3
78176790235,6

