0
948369479
9959
9670
978252
99434
9943626
88824
6735975041
789
887
956189
831
95
0
974
862
7785
818619753
78
7765221803
49575166
796361254
887
965494
983200939
7697697
988
80454
99
0
9
95972
88
8722
87748
558373580
4847710221
9385829489
92003599
761865
0
611159209
9968
8971431
99074526
88737554
96209947
94
99
5285811916
6534591767
882251149
9555
833146071
64116
888
9629216
964
9567699
8
7484360
8725856
7854
986
9736659
99903550
0
69443
998
4601032479
7638294309
9933
98
89296
3937547
997644
0
52530557
9
88553838
9995
0
67
9
94528
91
992473
99485926
8752997108
977
8940
998554
993809
8018787
8
0
9887
295386380
9448177
998886
86
0
88
882140
96
97188
999
636556822
88902
9986
0
886652
99
88
66
9483
7
565780011
991978940
888541783
75382616
0
65554
99
88022
985740725
9845
988
9999
9754
89248744
8
6692
3686873987
5619096
9988
994
998
984
99907
9
0
9878
888
88773
912
9535080
9785563
99876
977143
9996465
8846
72812203
77876321
78551584
981
7775
75276
88858
94412570
6415028997
99776
9449
988374982
6181018934
88
736133
86662
8788484357
955
92883
0
85554541
0
99695
764350967
4781091119
4217206194
78
99
194314413
7550
77755
8047986423
8
822162890
845190
97756625
9
795
99897660
999
7
9597846313
99777
999
7685
991
99
98871793
8335085
98773
886863
9886982745
6392761083
99922
5606857
98
8
927
94883
7277226900
1865341695
975794
99
3788625
8835996
99
793204
9776
98
9095554177
87297949
9999
8936
777578
0
76668
7652493
6612555943
987
9544124
9019889876
89127160
86944
731108152
9963966273
9974788
77230
87660
44033708
77
816443953
9823614
987
771
975560
76155639
977
760737
5555517
8915792107
997
22429211
999
9957847
8118281077
9791486
97474
81224
97
0
99987
98
885430
9
975
775
4
98681
998654
889717
99
88
986
97648
7786019
971
9990
7436
9989
7
855343814
941881
6436989
999960
863
883
85
9988
888
9724
3283769943
0
97771
8
77279135
880694789
8969
0
802275584
987358
98660029
98
9893946
991046545
76237483
99238
7666076
0
7534920
88884
9994186
999
99898
99
9754
850585169
77775
9
8113703
77724
84614304
988
983704
9977
966
9
6597699
89938
665119880
8986937856
86
887227143
0
7746144577
539256012
883167476
5233033245
0
0
9888
9
994461217
988
945
99
99
844
666580097
88745
8894335331
966
99
866387
97
86635
778020857
999
9419895
9585281
914708
99
999869
88907
9
8804434
64601648
99746
5417853409
998
0
999
99
434200111
99098
9
55419
862133540
702
7860034245
974
9704012
5326336637
98776
86775200
7413
98
99
988
976537
997
44743452
9
9838
767968
5839
99
79
794938286
88742
9898
88423335
8
976
914
692
779754422
997
47303615
85
9
54752692
543875855
733900
8844
9829183222
812287659
7031099192
97
98
9
45803316
99838
85
9433753
9477860457
81954431
96670
5868870210
754728436
56506880
0
86318016
5335982
9
5544195
0
4511037
96495
98539
97
468225638
6663226
452935378
897805708
0
844689537
938969
98184
976542
76
87059721
864140169
98
87480
74491
740109486
7961183
87449
99
99850
6382728556
93084457
8308021950
556088
0
97636
9984
76666
9987
888
9
9999
757746
8770026
8215036
7445864640
9909690
9887
98
98946
33884811
99
9897884675
764617
861
0
8380119842
93141976
97
781
66381289
769477563
7604474075
7043249570
9836
9956834
6490249166
9401
3232120266
999
8886386
8074
9684696
7964595124
99
77782443
0
88899
666023
7
69411493
9050726
7686473
9852998
0
77555583
77767
86792824
3231642478
9960500
88886
659954
999
9
8816769
87
65443519
7381671
856206
7278160172
9848
98878
66570472
8886306
0
5339
96
98
7401452447
997287
93954018
987
7758316
0
763657255
69225878
998
663
8
999
5873588144
876975
998
89
985
988
8260295841
8318908
0
996022
92220
9954
87781
95563
88497602
777
523399128
887341547
8858592935
4152550186
8697131
978660
69220167
98
8
998
5353008
9
865900848
798
8487
670745780
76398
985412
3362129343
87826347
625383564
7223128846
750643063
997629
0
697
985386
9
999351
8127924278
996
9807
5922789702
9
906500
0
9681
725006909
846
96
998
9656
99972
88548334
0
855
757981705
999
77
75577
3729554978
830887
770715
94808226
999
956948
9961752385
999
47216859
7709024
8700
99999
971407155
996
87393
92628703
0
8638883
977
8
43977129
0
988
9982665
8761176
98
88
0
99
485126514
8
7221588
8465262164
9496784339
8344
8553393
989
7741
8778
84977661
0
9898449358
8699440840
9742
958295
748419
98024756
61513
981601430
9
692459185
83834438
951650874
9448870
65793
65126598
97106911
99231
89
897
876112469
92908311
97
896832
8350465
99
9
864262
9
960088
977456
674956
97553
6035353698
8934276
986
0
986
886153
722967
986783650
7778621
954
65858982
777
5896279
941564
7807120
851422743
366437952
0
988221
5739920861
877735
98877
854152
8407508
888
936
8422553
769208641
998778
433267105
6690167003
66428
9776
98546
0
78420
877
0
8
77329939
99779
856
79
98
999648
99
972535780
86
74532739
7779
987707039
2131207
670849
526864692
887
9524986
5262726541
5576
98
93346
9998
993992
9
998
99291809
99888
97
8
935214
1809005217
980
97
7821
9084413
7277283843
999
94659383
9974857
9988
9864
99038481
977
0
99865
7842
7487121
93528666
9991144
87819
99
8763435
6932383843
57160570
958604
5873509
792077236
997
9
87850612
82289
654498063
99
88346511
860254161
714190181
8897346
694348333
0
889107456
878
912631
88565
9
0
888
97549645
99295
9773732317
64310438
87763650
7715
99699
9997658
75544
988
701114
998
77
97707315
7524297
83120637
547733
94522017
87502
0
0
91783
9979
7774450
981714
9762586927
796379574
999756
8692090066
539493407
9
870
83607308
90349196
997
7776
38916751
963196
998
0
0
99906
1516489080
98920
8879684
9963890
7906
86728
9979
5554637
9857
995
897
9998
43758588
6682577
987
6651507670
946202691
9919767119
681930
8925
4438449935
9731552
98720
866754
89
99
656
80
99
979
64
64516
85
8397
886
55593
958053671
9415354865
896
887820
974
7335358851
9049265053
98694
99
684658929
880
98415
988
99
9896
99
9483530
99667
994782
88
9
9422
9917942840
8865185716
8889810
953337905
992472
5160826617
9
3334167380
56047
99
643650
3849089
78184
8584
9830023
88742932
0
8533103
0
9999821
84356
998645950
947
76412
7901818
9360150016
6998629
880
999
999
98
0
5
687777
733
64692
87999284
93
0
99
944177640
0
87919685
996786073
44637543
975586
999
9
8583354
9706246190
775952
90787155
9798
55883708
95731819
98588595
97701915
62957213
5960896121
66545
883141505
97760535
976
97549030
6981703
7725470
1168481535
5779552
99865
779249652
8764692
98807
0
8453917
9666442
952570228
0
97234
8488054205
855826265
87
9160295967
9928482
8
870627
8560
6684462726
558476598
44449667
98
9999
998
95552658
968
6651234
4240085549
6622980326
99
79794
8543091495
968580
4189394714
56475025
7445565751
62559365
97628
8579
986904292
992757
85351983
801445427
986586
88
96307
4447949088
9857
9895555
671624905
9884322
963943
9999
583411544
99
95
7950267
6528167111
83572386
98797
9863
8853699
9416
8597398
86864
92320
6857278307
99604
812269103
999669
98602
9
0
66329493
9964768
845054
8320324
942
86399424
79535
9
99655
449170
8874
999
9315
97
4376143
453297250
857237
792693
6920784461
999874
87981473
99
893018731
9970
667
91305753
7737707
95
9655412
6913792027
969969
8964
88
8149653147
97191
9544252
9569262
999845
99995
995711
9
9
96953
3147642928
7888882104
97820
87
88
978
84576
619613863
458211
98595
9959
937103
0
955994551
966887556
1062536170
887642
87974
88492
0
8931
65458
522557
8888
8231090960
88522527
97
779
669865
76672
875481160
650937290
9998
6037139418
761649930
98466
871076541
9999
766
97
6869787718
4393113518
896023987
88703
88911
98755
0
8866
999
957008263
65541810
99738
0
0
987713
8734955
99
9080
8711208
932722
988402807
0
1831221275
543927224
98682
0
790201
9963086
9853883
99886
848
3465866
986
858412
4702806181
77594
7748296
9692
8874
908
94418
99
98767
845546439
97705
8771837
7631635751
765377680
999
6463296
889334
934
3954228073
99
332531338
8
98
53499666
89760
6487463
997775
88786
96434
8440142362
3811397906
730890192
98296
596558167
639479905
84407035
87683
789680736
7673314
9
9325750
799149673
99819783
963
9
865
882389
86581
75515791
999903
0
562408026
9928552
92
7692150724
993
1687178444
66271721
9
6101695431
765721831
985
779622
966906
0
989
9999
9794
9723998
8
9988782025
65521
98
9154746950
73606
8
63942242
78942775
9771752
9
87267
877
76459455
96
9597556281
966
977
70473606
91666297
888
6554
8890749
953241
94
8697
777843514
9672
0
94902463
8551812
853
3163620831
32283417
99878
920316547
0
0
9770
9874
99
99897455
8656969102
87
95068427
9875787
99
235879788
950039
9977
785776
587053482
8836
0
85303648
965
9904080
9
99506
9211805001
9898
94493
86674
9
876
98
76659920
91
77686
996612749
886
923939
8843
98520
55239
846699
9479
650901181
8747074
943
8967720
8354018
4584323826
9331
888
85958259
7544941490
77731
88675
758
0
977776
9923749
9994049440
8754962
9635
9955
82255139
9950238
964
9866774
6561944588
8857765
949057894
964799
379059173
93015
868
88
99
7506683
89084663
98550533
8820
7621738346
791
5461747707
97553
8984914426
9565827
7674
98975
997759
785721
65259
8566
888094
97674838
999
9
8446532994
944168534
855575
733646185
99359
5123142638
75959
8
0
8996820
889
99
8858679
77453
997431
9564896
777
99651
77551488
875742721
0
5683321
99
987
55745
9
0
94611456
55229797
9666907
6123943718
87
843364
87666415
761777456
973
791
779
8797
9652
9767
99818
95
4791880279
999
464570163
0
9388
76242
92874707
7648991
977598536
79801
88987
976741090
980451
0
9774633
9
99920
7864791
7941628649
781
99
998
9677442009
8879499
668054
569721
7765484
525635
8724093
9441645
876
9091382338
998
99
6975
90
66
9456145709
0
9996
996
97778924
0
842318
98
717072974
5531994596
773664
712759199
8579370304
8463256647
576032
92793016
977926
9989947347
9533951
8
8847
9987
999018142
693
666
9607862050
891540
9
9999
0
74641
85091381
566129065
9597070
97740
76599803
98890113
66474775
67
9675138658
9969800031
9807
0
9
965163
9656
968542
88541
999947554
884505645
767885
9999
998
89
886884342
972
878836
9
98
5595666289
9999
0
9763374164
8
7893299
6785329121
0
7755
9522
887
782469574
87537743
7637213024
886336493
88
0
99
98
99918080
999241
87665
86849898
856440980
9790943972
99644028
99888
8776578
778
9618515
9680
99
89544182
996984
999
996
96
987
883628
96189832
9734
88
5537522342
975
57147675
947135816
54776
49843112
863
770689767
994
8634229
9
870120754
878
8048
975735
9952
9
0
95046
887421375
97714
978
86756857
999
7597409249
7
78261
0
88677
978221
779
9227466
953190
589421
9
9974
9849
99956281
3609440703
9966
9463312
89798
6821869
96174
75800811
88921
66
773254
60105189
99733
0
8846
66237375
6587071
978177098
97366
97831
85
8776466
88
897953757
54683836
272648161
43551182
8634
66
98
986
999
976527
97
0
94161196
5508991520
58848183
6645802
9
97732212
98
75725
825239825
96493
9
94720
88
8558437
772935619
997
995255
6617564199
77
833
682790953
83378
9987
97
7764
86838593
74
850
893999
992212329
8621
7690817
87711
98670
9
53112728
9
30322055
99256
9987
8777
993
999
0
8450
88
9
97646
64421957
984
85839939
7419763
6513832
99
74477079
944570214
885
977889
986817153
8447079
994855300
0
7761801
7261968588
841303
96
7977
7571079425
9
456212
979338
555963
7449043544
9
90
888
645790014
98
9541528
97
99
98901
9962
787
9996
983
922903777
571726653
98
6986678834
8878
993
779039
999
98027
865682
7406570268
7
997
99772
5012352852
8491720503
8903
9988
8
58272683
888433
779443507
99
9
949953632
889654
0
987
6549509
7239206475
96120
96241
9866
87536
99290547
36289468
0
98519441
9891
5474480607
87679
775183551
98898
7583
8889
4999719217
89403920
6801706436
0
9756943
88
9965
9672757307
777667
95558
7710628
574775950
9984813860
88
995565
97
95899608
9743
77
77765580
99967
732946022
94568817
98
8
9771
9876
77944
7516
6608946257
74845504
774
8888
0
0
86862804
8547722
88
0
0
9
887925
76942809
58394416
96
99
93
75529
9
507520118
651606697
8993804540
97
9745
858
65551775
98
9551
9967
1547921660
77676
8449602
571158487
998
84785
781525618
4872
8763
87526543
95613
64485242
9877
885
9
71818
413074705
8728144
79
9728211
99
939463
7231063748
937097
88913
999
999
8749
839405118
90558
8866578
54436103
88801
88
87
75262335
991682
9501966416
94774
98873
68743
2769410216
2033753728
88
9492126666
987
78823991
0
995545
954833783
0
9565
768253146
7227588196
94523770
9986668
884
94
9681
886434
9300131
856
743
7696783200
865
7983283
9
99
99968810
665845693
8881693
99933
89697593
774735
967175796
9708632
779359
888
0
966
998
777766
641378
877793
8
93
854
330300293
8398579604
9777
98635
901
9783258
997968
998
725643303
9993
9561479
655043244
0
99878858
962844971
9974
7793
9525
975
3858492501
86859894
8555820308
743781333
999319
769345434
9
97547
962
9
7759
99
391842
77983
9923995
77646769
875619
885770
9731437
971459
662932
8
974427543
955760
83443836
88
958
6773038755
8555661
543707419
98719485
9298928027
446527343
989377
64216161
6
862676917
5980781643
65208068
98488298
7279071811
98919
9
7278246
703029100
5576526
984211
5734677394
77572121
88789
754563575
6476126135
0
6372012
0
746154
5567430
59772083
988
8278666206
962752998
8888
97
87118479
740088507
9921748
4275544953
872105969
7842398994
86540867
6696245007
801025295
9467837611
6657452
543527332
2146887218
0
97559222
2274209083
8765853
960832607
99
986113
6704252
8857939
77675
957301
86664598
9
9
9
9611
558555590
647482
674851
6695
9777915
876
879610315
9987661
686060869
22587212
988
3666660861
96952
8184916519
9771
889
4265873267
98840
9
822
99778
7887782739
7764688436
99
8841357767
985
767924340
999
96681
88882
871
978624
9937079872
98
86
9787
9993808
985579
99
7779
797555824
91190
9990597249
8
990
977752400
7
8813198
9
96
756607
775234
9654
87478
976
9947
659
759193423
98
837288864
9752117122
552693231
941747178
9920
668780
77
6735499002
0
8537494764
988858697
9865
88719
94257
95521
94946
9490876166
0
977
75697356
962
864
88
98
988
8842
99969
96657
983409
8859518
986875
9642174394
99296
98854
5286552275
9839408
88
71731
99
999784
99208654
8899444
0
693780726
7820829
9
952666816
87146
4438459
5985555
763757133
44289837
54225299
979238228
699
89936986
9943
8
8536945
99
890265
1196301324
752846
9929
8283949805
5964157277
888904
9712976093
92350
748301
855471
7
556
9
66666
877794610
8203336602
85609
655736
987996
68003
0
99
9895008167
67
9532
875392
999523
987
754085
9646
9
55653776
974462
9486057066
9
89
88
985
88
7983
8760137702
997
76
8910094515
98804
767804
8877553
65
4678081
89140
99519316
85
6837741
88
877883
874
968524
4278519630
7884828
9832642
99
99999387
342481902
8667074
884
9044
99695
964466
9472840545
7153268223
9444955672
879391
818436193
977
5334259028
9
994236
99
77930575
76562
83624635
9975
938810
97777
9460552175
471338483
78476
6845377
97463993
6446284
9332
7778930
99
679095793
68
919878
98
87978666
0
0
9
97
976165551
9977
9197506767
986
999444
90928508
999313
987759530
9832495
664642
99988
964327421
556372761
768370
973688577
933420116
664620225
762707023
7677996
997825
7767
705008127
7660275
65969
87992
6937130837
66610
9613
93758
96187110
378289699
762
9684
8
6
5716918
7322295
887
5682268970
4189493
7921859765
988
7
98772051
4438303
82742112
9743536
997658
75238
97766
879
989316
85561
691979
9
0
961819926
0
96345
480532180
74914188
557
92525384
886414
8698052946
884
96790
96544446
6667184740
8830736
899
83391285
9787545808
9
861982
861996266
791311
588
98
99980
0
9999
7258657118
4477832513
98386
907371667
3216936
57143
3616541683
99
6572681844
0
568480838
9805
254354015
387337133
67007819
893
77
99
87417142
998572874
93
6860880
90839
8738659
4135359
9
48405307
8898
98561
771537
99
98544
889380
994
799823982
972518
0
996544
9427219896
9754
89
7973246190
9913433
977919
64406989
9986
6977079
880890
712737542
88
682171960
997436493
99961
8
0
971499752
6252635332
95089301
88
978
877161
8103
8
8838431718
9789699257
878
988
99
9873056
6663714
5449703
9603296
97
885
8684
774112
755534
761174
959799
7423106949
8867
984446
75495134
95331579
0
7580
356620233
8557548
890757754
981
8877808
76555728
984
99993
9743907
88
997345
97693
986
8466143
767
8
0
979347
94593152
66490143
9876704
98867
98715
98
988470
0
970193
99977
99823
986
9996113
5761081
8885
7
9530235380
97654825
90969062
987
84362
995
998
98890
987
978690953
888
9
0
568333
998
8891
907833592
98987
882709942
5609287803
973081
781087430
9774
99
5323188
778859834
5695360320
532176526
9878
8798495
998822
99
70779344
988767
9684873
762
79
8874600
737724110
9695926
953190184
98783003
8368502455
99
96731
9888
9860
9307
9468
98
99
92255937
99952
996
990384652
7666
97114001
6632951368
97395
723638764
976
8125192652
984277
9903
5961629311
998273
2580340263
0
726
796894552
6584314
97460
86
99992
9914801
0
6444847
974550
9
85
0
97381
88
978325
0
98556069
99
764295799
7857
97
986754
778
97
9974100
8777
4453619485
9
980960114
865
856882605
98755
5527628
969192
988096470
7772
9975
8622849705
9477096896
988
87937
832816579
6599790
888
54471504
999841
946
6992
855
754719
44397
945662482
9
812359262
856571886
99
8
99
93512425
9
870
791315
86609
9169612
8689019115
88
999843
7262299728
998
9
996935
98
9476374
94260
99577
85756
71179020
88
8
86924980
66842411
966
77478
975
98711463
9
945495
955657183
937544522
863165
98
753477063
98
57585
99889758
98
9
68263897
6485295
88
9
611512399
9
984643
6560020181
5525
9643318155
9946
996534
767274508
97763
8626
933367
967048312
9885
9773
913808283
580
982928
0
590588114
9977891
9
9
87
9
9618683107
674872013
6847078072
8790
8768449089
9958
76
9267
92
9566174
96484
89
99865735
99888
8844384
75917492
66790603
668416013
7882
94
6959256
965
525762137
992492
7282709986
7700917143
7999899727
9973
87
6762864
643540
721292573
8859439498
997
98
985
88787
996
88765
988848611
97788
69737890
9125606
984200
6574
6439577909
9877
975381
99
6946253467
99146
9841
8876649
77
994
813233
838248
997284
99
61553615
8845699
66384383
75947
999
9
615831101
99937
7
779633
337
9741
6750449
94660311
66918447
87912938
76655038
655557567
749
98471
94906663
966
0
98593154
87686
982
88866
48037826
98
8419017515
647072040
66550257
986
8823
6665837
5113491
0
986983551
999026
877560
9521
994483
8
9
891
0
9779935721
933661170
9952
0
9980
974604
666652
9
4276409054
59079411
89122168
88643305
9366722
4522220673
0
878572028
888065
8852
9100201674
5491618240
992
963634
9975
90656348
8685
9914400
7478908
53950181
9935
8728519
799
6466796800
978759327
8
995292
774
9885
996811
724675
76628697
661887869
993459643
991639124
9
89471
8895
9
7506922
859191578
76677
9
799356
78974023
976849
699418497
998
99758
777
0
781201470
0
74573680
982530
99
86
5549760850
9888749
8734982
797673
984
96697
96663
98662
9878585370
7661334554
26788186
94903
757628172
76213
885520
9999
8484397914
76797796
98
98567175
998417
888458633
99
9658933229
9999
8832831806
675
6804845428
7563290
6101193325
966704
4272493141
589205894
66
9
0
93632120
80
38370939
9949
9628371222
9
8650
6369098742
98
69254650
665329
88829
96473
80
4554918077
974422
87
96334
842452
996702
0
7873007016
94229
87505
0
86
0
977
98
9672
9879
9580
999979
98
5751120587
85318
88687
648
999
98
76
8685
99552
0
577052597
757137
77732
0
8665
9793958955
65541
873
959934356
97
6745880091
90201653
8007
99
7667
968777889
9497410
9855
99753676
99
988216273
9
621270196
7247646
95
8982268
97
563
8874298566
7455777846
89353
97743217
8393837203
89295154
95196
546643080
303257044
979455
999976933
87548626
99676710
99229
92747701
99068864
888293
332443850
99
850659524
995
6871
7379
7
97643
801556849
98326
84378
6874182477
977664
9543
977
4947495614
897731
8660228057
79
8005828274
94345860
877731
54257
996429
95796
527909
79569
987151
88491
97
969
6645531
4701372978
7693402
7490488224
7671
9
98186
87674
6638
9
6555467
88
43637911
9
99
6446996
6012
988
946604
993
99947609
777915889
8690
8629627
99
886
0
75236398
7253199430
75351
777877
8697331
643020
9
9597
964774704
359615639
579220
965
882
9936
0
0
86911
738199210
9543940
96774
98877
878718
6785619
9
888
8
566878248
988
76395496
980219110
9243574
853904
6899480
96929807
8921
6868
89099
9
99
35749293
7914362
876426
9888
93059
86
9
5276820833
8871
2533645425
0
8857330
24081045
83708757
8823103
8738797672
88
9493464
999
856153703
99
74434116
2757126343
85638316
8534651
77870
988617865
9
58033345
948
99
0
9906
0
876833719
998
3812935916
768
768738
554185132
998847738
8775
78543
8481775
5474597
4155951868
99031
9
883
9
9084255320
88325
8409396
9
0
900646
740174
99
8883
9
9327597390
9975
99233
8867812
97777
65525
8777
977
987
7638
988844079
9
878192
736630
656
983999
886
97
9720
97
56
672402
93
966410452
9791
80
0
99
903975455
891610593
999
5202817518
99966
999
855
965385663
9875449180
97669
8930
359248911
99
879452
963596
90
975
4727877999
9994
988895
99
989
9244142230
9
889948811
99
9
989
98
976
7554
7578995
578
87861
0
99
99
8883
68838589
9552
79
9
972881026
8907
7955066290
9982
961979
83
8468
7289578819
97723
89
966655
99
99710
9
87
8767271208
98485
99
99950
659
967
9444724
96401153
6546349
976
776
8
76834
880212226
863607
9868
7751706
886813
92058091
98805
76188
713
99
9713
531715315
86679
998312
988
78903
0
955448
977484
9696403494
80427
989
573384355
8737
997966
931322060
7652150048
999
0
82467718
6737
9
87628
9
9887
998776
850907
7537997
8
96761
7654
9
0
755
2954490067
0
889477335
9
98907
76268162
997
977639
997922962
54222367
3310228537
96
547071884
9
7781965
94394
4994314528
9
8888991
38987915
6959643671
0
988664
8273677662
998674
777651476
6158740818
731
839
9988030
95820637
89907
8427231819
0
995939
283309758
0
7547912980
96439899
50518541
93076370
9
993
9999
977
979
85980
55444665
8878461
98
9154699
928708
98
98541520
88653
55775161
87
99547
6866319780
5163414062
5937211164
9920
655
9
0
9949897209
96725
8901
9
999
99
874372
0
988
745177
96
4444461158
65083795
88665
8931119
997
0
6869442
9996
97334286
9907487
83634230
738
8447
958
98
79000
7669682
761612779
955
99923
187549352
9397
8455875411
98803729
886
9987
0
8
526927774
48822785
2234891854
98
86669
998
88765
99126922
9987
3722487532
77640
99433
7987
4541245607
64563696
9
8759486265
984435805
89
8440734
874
0
8
880299579
7779
9447591
984
99
39635066
78748
8634
8367868569
9731790623
71622
90992856
88586760
98
9764
7798882
9532317530
86
84162528
99366
95338
999
999
8
940
89710
76351
98943
4788412406
2617018652
163595736
8776
99783
685367377
182202918
988
85905
97751262
99
98646
99872
975
8766
7561777
99
98
9935
844443
977
8584359
97754
989
977676
97967
5862518
964871
791049
56210518
760847
8579045
777
858334
945073
953554
8549775
9882887762
991165
94818392
9445581
3572365545
95280
88
556199594
98484
6381228002
0
999
0
77082552
99623272
9658262
97
3848221919
8776788
665810581
888534
87790
9892
996
97766
9
97
8290274761
848535
98
99922178
98887
886947261
99958
877
8760
888289914
99
98
67936137
8
796563
865751
9682055671
0
87811363
96
8024716
9
971096
3854365519
6337644603
77693096
89820978
664797973
73990
95
8247042100
7778
0
96
849789
99929
777849
99958
8
97861137
98
0
999
44345848
964
83307554
969659
99
8538110606
90543550
87
886661
5444
98
9979652
9622952
95151223
98
944417
77555
8254679456
857
97844155
19703793
887
9765
88
58083637
831728
99
89
69150085
988
97
97278
97
882820
889
98
0
9855
981754560
886238815
9776646
0
99400314
9952
58238728
889414
877556217
99
993
88065030
8768939
9773243578
87593592
87755
8867435286
88249
81180185
93599687
337683512
988
876
78
993
7267092948
9
988
0
9
99995
94
3596208647
9942876
973547264
6
8726
5473075280
6620988764
88780
957
544
996584
93900528
8135385
0
793
37986198
96
9
9668314
7
88254
6473465850
955
7778438
9913135
99
9993869215
908
0
0
761852726
7764
0
6112317
544616
886
0
66916
987
998
0
0
9
9989
653279
9
960
6653513
84600
8946242
9687908
8
9999169
4152380723
9
79580
897
6662426
9
74210953
0
9156658
9718
89018
7777099606
88
988
992246
8728428
99920
0
93214361
84615
981197
862943
76375436
91578086
96652119
8904
777505
8795425
183885589
90031987
4085769
653571889
2401495864
85158
99
908412983
99
9422
891411686
9
999
5641126
8774
8
552117332
8634816
79757556
648537112
99
495578891
9773
994470
8861302
92403
8782
88
945909
78761
98597
0
96797
77702
87786
996
99933
841496
99996
631369902
9
983
90
88
87699
867
998739
97549
9967
893422
88
7525598
6544485259
8315214413
7651737745
6
9
969345
98
847856721
9385
98
8307
88766838
8886089
0
997
68322872
88918
995
956499238
965819
937981128
781478
8
9
8743299728
997760411
87
4507049976
9934
8947347
9
5674031
999907
975797
8679
96146
82065995
8700
9834221354
6838397
743439
965008
5828079493
96764947
0
9875806
9697
9777
767694
5231240724
9544
8743551357
65577161
984982361
85
994770
9563988839
97
8290874087
753983
979422176
9537
95884
86
6511
8766
19593680
99
99
99887
9775879
94331973
878
74168459
99923
88680887
78
3479047614
8
998
472220618
644264795
775
464999954
9384332
9976
9956
88908
984763
9642
8875
8
32359494
6691411
0
943999
7497477332
59960775
88
88797
5425757084
981203153
9360
9
96369
92082
757290032
88705
849088165
953
88791952
6344733951
6689707
9888194
95210
669469875
98799033
88886
0
999
954
0
9771
97126771
932
6769248703
0
999
0
0
9956656746
9927251
78
98
9744
0
8887
44326142
889790
647521
88
8283870
9768564
76669752
975
8571824
8663483484
2801729137
71902047
9875
76026
97
8
7
9
941893150
856370567
9787608
53740
857371
654567
96448312
99
7761140057
94858
9434
7605370412
998479
966780021
9994287156
9888
98413164
988812236
9994
6582
98
5956535062
9
8699230
877355923
8627133
3377101923
96
996
8165142
9827190535
8
818430121
91078
828184
0
733766411
9875
9949
9865
7661
88
995555085
0
6030203938
973794
94
622994703
0
987
0
84
543382154
964263909
534553
64288938
9666
99898
9887
987688
64417706
88443868
99
0
0
3494323552
88948
83393729
76691
856410035
996
85332842
9
91
968373
8781021
988
8456617884
9984
999
966719
97776124
88
9780393
0
6649038005
9769219456
966341951
91
998
7522651839
98
9967813
82224
99956
563943044
938455
73461399
8775
88
708958
54676163
9081190
2625541651
984
789349
9
8788180433
88
99663
9
979670571
9996
683695102
9888633
657361
986
888
555591537
8756
0
77
9894
993
98241
729293527
89399
785
0
974
8953960
59797882
423333418
978
795277862
86
8
9975320
62
9952
864
84
887
888
0
98
814148
97
98717
85675
85
9955
98
9575
901415
96
88766
899
765716
823068909
959
972336
9
61
8886674529
8742
9471967515
955774
9992
877987
97747070
7627182
895590
6555
98775
597728
99998
6548750
6
82576494
737464270
9996
79569
88
85439397
8766
8861404
95562
839583
0
9652694
88
9
934677
878
9672
0
8665
867133
9668
962980
869585
886
993
97840
9536
9897
988
73190913
7633499
993577205
88549
84457453
98
944273
99
9678056
998
575131976
8648
99498
865705642
0
8613534161
986
975
88777
998
9879
881365608
6913450
9925418196
857
88
753
993975751
8772
856859
98127845
989926362
955105
73901721
87235728
4244247453
4390270
8693
876
8
5553586
85664442
0
9
99496
3915826768
692269941
96
991
979147
8847455
853658053
97965
9562270710
6552743103
98890
0
99
7324660751
775785074
9
98555
9543413469
69645
4513813714
9510272322
9961814
98461
99
9765
77
9650
9981
95597639
8
9884940
8
94
18150528
97
87
4425728964
88451
88144136
6224548
885168561
68095624
7574024591
48868440
9
99695
8562158208
7776092
74362755
738041982
44457
996
91
8500332
0
9
6270621299
9
0
87919149
0
7689941465
97
8879
98553
669285
9996
974
999
87
684529708
88985
865
5490830823
6947324770
987
955
7413641
83048459
98892077
0
8875
8345874
99
881
94175976
9
769
97
0
889559439
8472
857907866
777447
65765325
9878
882742
750460472
7801224634
845931118
831578182
9891366
9892
87546
9997093
7779257
991712
0
99
9862356
770
8729500
66208009
7680
9935435
7785
976
9929004
585529
85521987
763194
87
875
9
52058538
77488
9742
888
98738
78860888
73671166
884588
9
8861
537791583
99980
92475640
77763444
9
87769
99671
99
73273496
89
8864
988
5554464
544353
81576
98878
67042
77
996730065
9982
69673756
9847
9167121
8788010
0
99
8835040
9560
979
93955
0
97632094
888
64041
9968310
0
7778
94
895816
0
333806531
98
99
76673707
754069660
934801486
75582874
81940352
0
9556187
77
795849
889451
8782015
8887
977
778559
8776
0
0
99
958544527
9853882
0
99879
99
98
8313828250
889003
861
9925118138
71952032
94117
999608
762885446
58732
5284642072
876
9082171657
9947146
3525572768
97406
764162
8712216268
88430277
700793
88882141
999
933
98
779
99
99280
693854091
995297
987
888
999079
79760
9995
99
76062648
637272
948
9
999
98888
0
868478
985042354
983417
9970282
9700
6735898511
875656
9
774
984430
999
89169
7615882830
69691
97
9996
9
8218250259
979491
8579
8966908707
88664
899914317
997743
88874
97
955
3190968271
769471
89
76593
996813
9582326
65425
8640
99
998
776859131
98483
662
97785787
9565628
9
999
9
95586
93804
996
979
99
9896
13668614
94
8865822
66525
640384
925333552
55562
95636
7641769
375168030
979438661
75
76900714
757224807
987718
753827991
97894
887
4564908310
94084382
869347595
9803345389
9987
99216752
985271914
97704
7548
887
976
8881424
9988
59266073
86857392
9
9976108
94
64
960279
991
956802002
6560386
9
9457
94059
607958984
977077
893381557
8
867134789
995
9
97693
9957
992
97388
0
99688102
99244
97
7438195
8
94
2728859344
3711145823
3932680790
7122000648
0
99999
7778
9
0
8597
5581
8818340
976
2652303127
8
5221000575
388085168
99
821408529
761796815
5325327640
96333504
56325554
94
985
8651325
987
9132783919
6668
9764477783
9
9810370
9877
7798261
97
9
876914557
96650352
96932
9977943167
8
87
586454763
93638702
85589
9
9
69518111
77931
9654
468331076
9
9
96426
7779596
942696985
9
9973736
99
968631
9911
4398189647
978480869
0
0
586324365
87
9565
69077071
972
9698
888
9
7911808
97731
976861236
864
8774602
9956156313
737109504
96620
0
94344655
9
99
883
9555993
98908186
987774
88417
96
998
6128320168
0
8531787363
8914
8642
0
98592
8888
99
99881
99
85143
91
9
98562580
86687218
975
67703529
672935024
98507
963
77
779
88930
8878736
8844727680
0
987
99
98
98
99
9
77783393
99
8488500
92
87527
7914950873
9889
7833982
99888
94807
98665
691931369
977
987
6689
97490414
88751
80
6973520107
34390824
975809
885
97736200
663060942
775841
83
946
79117185
9743
9977
0
78501305
9
888
8853607
8334426
6396169529
6256686
997728
0
0
876
954342
86
962
710303815
966
7611
99937
987
87
6633672
569
546458876
7870
9785579
0
95881
3856245095
88
0
97025
81724
9882
0
92
0
859710
98
862411
7774457
0
849176
86
987
985
977755
775760
2547813313
9
97367658
7628765898
896
9898
98865
841
88
9868
0
964562910
77
4044602198
9597
8
3306085739
8
986219
884625147
5406117526
57618310
86
98
53880470
93
9889
99
8857
920924555
999
81958
995682054
8888
8887488
9
644664
7733806455
887
944228
82167725
6192270477
711993422
988248
9887
88446
98888
54
9674351
94221830
988785
87535311
76268
9888
6095776282
99129728
8818
99
8
9166718918
6067858158
7680239422
99998
884336328
865202725
999
8584
9570651
0
8342576545
348056742
879
989
78489
987227
885
9
9765226
9389807008
98612799
5965175487
63853382
96664
96
960658383
9
889
9664
982660
74
96512476
96993350
0
588736454
9872836
94
874210331
633196
997
987
8887
9
98
967330237
9978
429905081
9955550
959
997
95018
95224674
94
9347
83114252
999700
956685247
75921293
798
8644874
995554988
884427493
7796
873723
990981443
79
98
87039
87796
99
7044555519
998227
998
97247470
8886
987
99826
988668
9
92
964161
655
87
99
9759
67023828
924005
98460490
9935071143
83493089
887664
973728
784601345
98318745
9
856720386
8844563
87
886
997777325
9
98759903
915754
819103981
77903208
9936
8321233425
4305229
5115410
5929060951
765
977810
9
8764115
8776502
978720956
0
395482674
90277
9881231
9
9637131
8594256
977
999792
987
9011439719
87
99
8911
841615371
7986
88
7662837
797
0
84119837
9684956
7246093
887
9886
954227
743
52175285
9555
7113522526
9788
5427460
94865224
89227
8921
76613697
6623523808
754
98
593330579
97598151
79
9686805
86
0
866245
99695042
998783
94087
88
764891380
73565
977
630839
9666870
96
990
75
9417695
93227719
0
856297
65940556
9869
88689
88408096
644722175
7433381
5853247832
8790
935641153
87
2513377700
86518
882
98
90
99433
9321
96677300
764030762
849886
977825
889743
566127881
9944
77657
8367889
987665674
0
5250058100
9
9933358
66894
78893
866504
589405023
698007444
0
9503546885
966678
937252911
87
8545863
857
9888
9486
76738
8763000424
8893471
7148026204
98
887
8654447
99
2829175813
9
866
9766
873990
99
490041076
6022237149
4737949108
974938
7945531
9
600105894
99
6881616366
833526942
99689
875480
618929
66533
4448802810
8748
951688
7
85715803
8
84
415913
5131534534
7015389138
9174813
6555186598
43005465
984105123
0
60908
895725891
5478913474
8888
972603715
766
9920600851
999952
877708
994
70
6545256
9
984
0
8633801
94645
7889184
988
0
8
97505046
996
99875451
77213555
90235
