1
2
4
8
16
32
63
125
248
492
976
1936
3840
7617
15109
29970
59448
117920
233904
463968
920319
1825529
3621088
7182728
14247536
28261168
56058368
111196417
220567305
437513522
867844316
1721441096
3414621024
6773183680
13435170943
26649774581
52862035640
104856226964
207991012832
412567404640
818361625600
1623288080257
3219926385933
6386990736226
12669125245488
25130259478144
49847951551648
98877541477696
196131794875135
389043663364337
771700335992448
1530731546739408
3036332834000672
6022817716449696
11946757891421696
23697383987968257
47005724312572177
93239748289151906
184948765031564404
366861197229128136
727699576741806576
1443452395592191456
2863207407196414655
5679409090080257133
11265578431871362360
22346208098711160316
44325555000193192496
87923410423644578416
174403368451696965376
345943529496197516097
686207649902314775061
1361149721372758187762
2699953234646805215208
5355580914293417237920
10623238418163189897424
21072073467874682829472
41798203406253168142847
82910199162604021510633
164459248603835284833504
326218543973023764451800
647081507031754111665680
1283539775645345033433936
2546007477822815384038400
5050216752239377599933953
10017523305316151178357273
19870587362028467071881042
39414956180083910379310284
78182830853136066646954888
155082121930626788260475840
307618236383430761136913280
610186256014622144673892607
1210354988723928138169427941
2400839390085827809266974840
4762263823991571708154639396
9446344817130007349662323904
18737607512329387911064171968
37167596788275345060991430656
73725007320536067977308968705
146239659652348207816448509469
290078479914610587823630044098
