69,9,10,32,57,22,28,55,95,42
29,62,64,54,31,32,47,46,53,0
30,42,89,65,10,94,77,38,18,93
38,74,3,17,31,60,1,5,96,91
94,92,33,56,35,51,37,1,34,57
73,29,68,62,16,98,9,92,85,7
63,25,44,41,24,70,72,35,19,23
78,72,31,49,1,57,27,13,7,4
37,14,90,4,29,47,76,58,64,20
56,13,27,87,43,86,88,75,83,72
S=20
T=4
---
95,21,6,91,50,87
19,59,38,42,0,1
3,13,46,81,92,19
15,12,32,90,37,48
78,73,0,4,51,66
65,7,71,62,70,2
73,84,2,96,68,72
61,5,40,82,98,70
47,80,30,11,89,49
35,27,19,8,99,29
S=40
T=8
---
37,97,15,35,63,59,73,33
15,49,76,10,16,19,37,61
7,78,43,66,9,55,22,10
83,62,14,20,94,57,91,41
47,23,4,57,38,92,5,84
98,24,7,14,62,58,80,64
8,21,68,23,71,93,34,36
77,32,65,74,29,3,6,0
89,33,40,86,15,45,90,25
S=58
T=36
---
55,44,66,89,33,22,73,0
40,73,32,61,53,12,4,44
30,71,54,91,46,45,10,9
88,86,83,15,42,94,74,89
69,35,60,41,39,23,98,62
64,37,13,57,11,17,99,20
90,92,93,49,63,11,76,32
27,70,96,16,43,78,24,26
S=13
T=60
---
22,74,66,51,85,64,81
52,24,3,95,87,61,43
9,76,99,10,51,33,24
83,2,13,11,1,40,89
86,40,31,43,46,26,68
58,50,0,65,48,90,2
93,59,15,80,22,36,17
8,39,16,82,54,57,75
44,58,91,21,96,77,30
97,88,5,73,65,32,79
12,7,72,27,67,44,47
S=15
T=65
---
95,58,21,48,11,59,73,20,46,33
23,46,37,3,56,76,59,24,87,27
98,70,86,94,63,51,47,27,68,17
19,2,80,32,75,33,6,81,83,28
4,80,61,87,1,81,15,96,14,0
85,26,78,3,19,27,54,57,37,88
99,45,2,42,71,83,40,5,62,39
66,25,93,72,43,14,99,42,17,8
1,86,48,13,63,34,50,57,15,35
65,29,11,18,44,82,31,7,0,84
S=58
T=66
---
44,99,1,78,14,5,95,81,33
15,16,55,96,57,61,65,67,52
36,31,53,24,48,76,51,10,80
50,66,35,12,62,83,56,63,88
60,3,49,94,26,91,18,13,59
0,9,42,89,98,71,54,77,12
93,23,45,72,37,84,47,87,70
19,83,24,82,32,74,38,48,15
90,24,58,27,41,40,25,15,64
43,11,99,6,92,68,69,86,61
S=5
T=98
---
80,53,45,1,19
48,69,24,20,41
55,9,16,71,5
59,88,83,30,89
84,94,68,87,37
65,27,57,66,28
28,2,18,14,82
34,47,25,6,75
92,6,19,64,38
32,41,13,96,69
53,60,7,21,48
S=96
T=2
---